#TPQN: 12
#nBeat: 36
### Unigram Prob
0.254651	0.000413926	0.000916743	0.012275	0.00602572	0.000746144	0.0820408	0.00108734	0.00553188	0.0201585	0.00155424	0.00022537	0.150424	0.000862869	0.00100653	0.0140259	0.00648364	0.000835933	0.12012	0.00101551	0.00544209	0.0106409	0.00167995	0.00045882	0.159241	0.000351074	0.00108734	0.01821	0.00636692	0.000952658	0.091747	0.00123998	0.00619632	0.0134602	0.00193135	0.000593503	
### Init Prob
0.878319	0.000737463	0.000737463	0.000737463	0.000737463	0.000737463	0.00811209	0.000737463	0.000737463	0.000737463	0.000737463	0.000737463	0.00811209	0.000737463	0.000737463	0.00811209	0.000737463	0.000737463	0.00811209	0.000737463	0.000737463	0.000737463	0.000737463	0.000737463	0.0597345	0.000737463	0.000737463	0.000737463	0.000737463	0.000737463	0.00811209	0.000737463	0.000737463	0.000737463	0.000737463	0.000737463	
### Transition Prob
0.0299746	0.00227984	0.00994828	0.0947163	0.0394825	0.00207262	0.459801	0.00041462	0.000933216	0.0232145	1.61061e-07	2.33544e-08	0.263332	8.94165e-08	1.04304e-07	0.00103772	6.7188e-07	8.66252e-08	0.044572	1.05234e-07	5.63947e-07	0.000208357	1.74088e-07	4.75461e-08	0.0249906	3.63807e-08	1.12678e-07	0.000105514	6.59784e-07	9.8721e-08	0.00260018	0.000103755	0.000104269	0.000105022	2.0014e-07	6.15029e-08	
0.0106104	1.72469e-05	0.0417049	0.875511	0.000251072	3.10893e-05	0.00341837	0.041712	0.000230495	0.000839936	6.47601e-05	9.3904e-06	0.00626766	3.59529e-05	4.19388e-05	0.000584412	0.000270152	3.48305e-05	0.00500501	4.23129e-05	0.000226754	0.000443369	6.99978e-05	1.91175e-05	0.00663505	1.46281e-05	4.53059e-05	0.000758752	0.000265288	3.96941e-05	0.00382279	5.16659e-05	0.00025818	0.000560843	8.04731e-05	2.47293e-05	
0.00257223	4.18107e-06	9.26003e-06	0.050629	0.929354	0.0101085	0.000828695	1.09832e-05	5.58776e-05	0.000203621	1.56994e-05	2.27646e-06	0.00151943	8.71585e-06	1.0167e-05	0.000141676	6.54913e-05	8.44376e-06	0.00121334	1.02577e-05	5.49706e-05	0.000107483	1.69692e-05	4.63455e-06	0.0016085	3.5462e-06	1.09832e-05	0.00018394	6.43123e-05	9.62281e-06	0.000926737	1.25251e-05	6.25891e-05	0.000135962	1.95086e-05	5.99498e-06	
0.0013193	4.35253e-07	9.63977e-07	1.29075e-05	0.049428	0.0536285	0.877058	0.00210419	5.81691e-06	0.00107272	1.63432e-06	2.36982e-07	0.00646732	9.07328e-07	1.05839e-06	0.00316932	6.81771e-06	8.79004e-07	0.00328088	1.06783e-06	5.72249e-06	1.11891e-05	1.76651e-06	4.82461e-07	0.00121897	3.69163e-07	1.14337e-06	1.91483e-05	6.69497e-06	1.00174e-06	9.64742e-05	1.30387e-06	6.51558e-06	0.00106568	2.03087e-06	6.24083e-07	
0.00240355	7.92961e-07	1.75621e-06	2.35153e-05	1.15435e-05	0.00766426	0.38713	0.0229906	0.551735	3.86177e-05	2.97748e-06	4.31743e-07	0.021361	1.65301e-06	1.92822e-06	2.68695e-05	1.24208e-05	1.6014e-06	0.00406153	1.94542e-06	1.04255e-05	2.03848e-05	3.21829e-06	8.78966e-07	0.00030506	6.72555e-07	2.08303e-06	3.48851e-05	1.21972e-05	1.82502e-06	0.00209147	2.37544e-06	1.18703e-05	2.57859e-05	3.69991e-06	1.13698e-06	
0.00330715	5.37566e-06	1.19057e-05	0.000159416	7.82561e-05	9.69018e-06	0.819247	0.10391	0.0130589	0.000261798	0.0519682	2.92688e-06	0.00195356	1.12061e-05	1.30718e-05	0.000182154	8.42031e-05	1.08563e-05	0.00156	1.31884e-05	7.06765e-05	0.000138193	2.18175e-05	5.9587e-06	0.00206807	4.5594e-06	1.41213e-05	0.000236494	8.26872e-05	1.23722e-05	0.00119152	1.61037e-05	8.04717e-05	0.000174808	2.50825e-05	7.70783e-06	
0.00237965	7.43134e-08	1.64586e-07	2.20377e-06	1.08182e-06	1.33958e-07	1.47291e-05	0.0140038	0.0307012	0.198029	0.00125701	0.00269304	0.714749	1.54914e-07	1.80706e-07	0.000361585	1.16403e-06	1.50078e-07	0.0330557	0.000179716	9.77036e-07	1.91039e-06	3.01606e-07	8.23735e-08	0.00218299	6.30294e-08	1.95214e-07	3.26931e-06	1.14307e-06	1.71034e-07	0.000375538	2.22618e-07	1.11244e-06	2.41656e-06	3.46742e-07	1.06554e-07	
0.00235788	3.83265e-06	8.48836e-06	0.000113658	5.57937e-05	6.90874e-06	0.000759637	1.0068e-05	0.0185697	0.472409	0.398163	0.0185206	0.0662076	7.98953e-06	0.00926858	0.00938913	6.00337e-05	7.74012e-06	0.00111222	9.40287e-06	5.03897e-05	9.85265e-05	1.55551e-05	4.24834e-06	0.00147446	3.25068e-06	1.0068e-05	0.000168612	5.89529e-05	8.82091e-06	0.000849509	1.14813e-05	5.73733e-05	0.000124632	1.78829e-05	5.4954e-06	
0.000539514	8.76962e-07	1.94225e-06	2.60064e-05	1.27664e-05	1.58081e-06	0.000173815	2.30369e-06	1.17201e-05	0.0530088	0.158902	0.00211912	0.782098	1.82811e-06	2.13248e-06	2.97159e-05	1.37365e-05	1.77104e-06	0.000254492	0.0021208	1.15299e-05	2.25442e-05	3.55921e-06	9.72077e-07	0.000337375	7.438e-07	2.30369e-06	3.85806e-05	1.34892e-05	2.01834e-06	0.000194379	2.62708e-06	1.31278e-05	2.85174e-05	4.09185e-06	1.25742e-06	
0.000181117	2.944e-07	6.52022e-07	8.73045e-06	4.28572e-06	5.30686e-07	5.83505e-05	7.73358e-07	3.93448e-06	1.43375e-05	0.0248944	1.60291e-07	0.748329	6.13705e-07	0.000711953	0.0775349	4.61141e-06	5.94547e-07	0.137354	7.22269e-07	3.87062e-06	7.56818e-06	1.19484e-06	3.2633e-07	0.00722563	2.49697e-07	7.73358e-07	0.0028579	4.52839e-06	6.77566e-07	0.000776491	8.81922e-07	4.40705e-06	9.57342e-06	1.37365e-06	4.22122e-07	
0.00154334	2.50864e-06	5.55602e-06	7.4394e-05	3.65195e-05	4.52208e-06	0.000497217	6.58995e-06	3.35266e-05	0.000122172	9.41965e-06	1.36588e-06	0.952427	0.0121264	0.0121273	0.0122062	0.0060999	5.06626e-06	0.000728001	6.15461e-06	3.29824e-05	6.449e-05	1.01815e-05	2.78073e-06	0.000965098	2.12772e-06	6.58995e-06	0.000110364	3.85874e-05	5.77368e-06	0.000556042	7.51504e-06	3.75534e-05	8.15771e-05	1.17052e-05	3.59699e-06	
0.0134027	2.17856e-05	4.82496e-05	0.000646053	0.000317143	3.92707e-05	0.00431794	5.72285e-05	0.000291152	0.00106097	8.18022e-05	1.18616e-05	0.850022	4.54142e-05	5.29753e-05	0.000738205	0.000341244	4.39965e-05	0.00632212	5.34479e-05	0.000286426	0.000560045	8.84182e-05	0.0526557	0.00838111	1.84776e-05	5.72285e-05	0.000958423	0.000335101	5.01399e-05	0.00482879	0.0526968	0.000326122	0.000708433	0.00010165	3.1237e-05	
0.0175643	5.07511e-08	1.12401e-07	1.50503e-06	7.38808e-07	9.14841e-08	1.0059e-05	1.33318e-07	6.78259e-07	2.47161e-06	1.90564e-07	2.76324e-08	0.000999316	0.00637578	0.0115254	0.119178	0.0499027	0.00343316	0.563771	0.000122734	0.00122676	0.00600915	0.000490642	0.000735711	0.210417	4.30448e-08	1.33318e-07	0.000124842	7.80642e-07	1.16805e-07	0.00749041	1.52033e-07	0.000368587	0.000246869	2.36802e-07	7.27689e-08	
0.131903	7.52592e-06	1.6668e-05	0.000223182	0.000109559	1.35663e-05	0.00149165	1.97698e-05	0.00010058	0.000366517	2.82589e-05	4.09763e-06	0.00273498	1.56885e-05	0.0182001	0.709346	0.0182997	1.51988e-05	0.111275	1.84638e-05	9.89471e-05	0.00019347	3.05445e-05	8.34219e-06	0.00289529	6.38316e-06	1.97698e-05	0.000331092	0.000115762	1.73211e-05	0.00166813	2.25451e-05	0.00011266	0.000244731	3.51155e-05	1.0791e-05	
0.00254651	4.13926e-06	9.16743e-06	0.00012275	6.02572e-05	7.46144e-06	0.000820408	1.08734e-05	5.53188e-05	0.000201585	1.55424e-05	2.2537e-06	0.00150424	8.62869e-06	1.00653e-05	0.0401403	0.860065	0.0100084	0.0812012	1.01551e-05	5.44209e-05	0.000106409	1.67995e-05	4.5882e-06	0.00159241	3.51074e-06	1.08734e-05	0.0001821	6.36692e-05	9.52658e-06	0.00091747	1.23998e-05	6.19632e-05	0.000134602	1.93135e-05	5.93503e-06	
0.00109576	3.61507e-07	8.00649e-07	1.07205e-05	5.26264e-06	6.51654e-07	0.000945014	9.49643e-07	4.83134e-06	1.76056e-05	1.35742e-06	1.96829e-07	0.000131375	7.53598e-07	8.79067e-07	1.22497e-05	0.048914	0.0497824	0.876087	8.86908e-07	0.000878115	0.00699619	0.00087483	4.00716e-07	0.0123661	3.06615e-07	9.49643e-07	0.00176263	5.56063e-06	8.32016e-07	8.01284e-05	1.08295e-06	5.41163e-06	1.17557e-05	1.68677e-06	5.18343e-07	
0.000461324	7.49866e-07	1.66077e-06	2.22373e-05	1.09162e-05	1.35171e-06	0.00196022	1.96982e-06	1.00215e-05	3.65189e-05	2.81566e-06	4.08278e-07	0.000272507	1.56317e-06	1.82343e-06	2.54092e-05	1.17457e-05	0.00181311	0.492971	0.0181178	0.461966	0.00183087	3.04338e-06	8.31196e-07	0.020216	6.36003e-07	1.96982e-06	3.29892e-05	1.15343e-05	1.72583e-06	0.000166208	2.24634e-06	1.12252e-05	2.43845e-05	3.49883e-06	1.07519e-06	
0.00289376	4.7037e-06	1.04175e-05	0.000139489	6.84741e-05	8.47891e-06	0.000932282	1.23561e-05	6.28623e-05	0.000229073	1.76618e-05	2.56102e-06	0.00170936	9.80533e-06	1.14379e-05	0.000159385	7.36777e-05	9.49924e-06	0.92182	0.0681934	6.1842e-05	0.000120919	1.90903e-05	5.21387e-06	0.00180956	3.98947e-06	1.23561e-05	0.000206932	7.23513e-05	1.08257e-05	0.00104258	1.40907e-05	7.04127e-05	0.000152957	2.19472e-05	6.74436e-06	
0.0422142	6.1042e-08	1.35193e-07	1.81021e-06	8.88618e-07	1.10035e-07	0.000454511	1.60351e-07	8.15791e-07	2.97279e-06	2.29205e-07	3.32355e-08	2.21831e-05	1.27248e-07	1.48434e-07	2.06841e-06	9.56148e-07	1.23276e-07	1.77142e-05	0.0126826	0.0297899	0.121665	0.00103254	0.00412925	0.729562	5.17732e-08	1.60351e-07	0.0154871	9.38935e-07	1.40489e-07	0.0423377	0.000147654	9.13776e-07	0.000444398	2.84819e-07	8.75244e-08	
0.00240236	3.90496e-06	8.64851e-06	0.000115802	5.68464e-05	7.03909e-06	0.00077397	1.02579e-05	5.21876e-05	0.000190174	1.46627e-05	2.12613e-06	0.00141909	8.14028e-06	9.49558e-06	0.00013232	6.11664e-05	7.88616e-06	0.00113321	9.58028e-06	0.0283532	0.471798	0.452846	4.32849e-06	0.0392381	3.31202e-06	1.02579e-05	0.000171793	6.00652e-05	8.98734e-06	0.000865538	1.16979e-05	5.84558e-05	0.000126983	1.82203e-05	5.59909e-06	
0.000539514	8.76962e-07	1.94225e-06	2.60064e-05	1.27664e-05	1.58081e-06	0.000173815	2.30369e-06	1.17201e-05	4.27086e-05	3.29289e-06	4.77478e-07	0.000318695	1.82811e-06	2.13248e-06	2.97159e-05	1.37365e-05	1.77104e-06	0.000254492	2.1515e-06	1.15299e-05	0.05087	0.141953	9.72077e-07	0.799066	0.00211939	2.30369e-06	3.85806e-05	1.34892e-05	2.01834e-06	0.00231302	0.00212127	1.31278e-05	2.85174e-05	4.09185e-06	1.25742e-06	
0.00338673	4.30724e-07	9.53946e-07	0.00105336	6.27026e-06	7.76425e-07	0.00216654	1.13147e-06	5.75638e-06	2.09765e-05	1.61732e-06	2.34516e-07	0.000156529	8.97887e-07	1.04738e-06	1.45951e-05	6.74677e-06	8.69857e-07	0.000124995	1.05672e-06	5.66295e-06	1.10727e-05	0.0416251	0.00520339	0.932528	0.00104095	0.00312288	0.0031407	6.6253e-06	9.91319e-07	0.00633897	1.2903e-06	6.44778e-06	1.40065e-05	2.00973e-06	6.17589e-07	
0.00746816	2.46384e-06	5.4568e-06	7.30655e-05	3.58674e-05	4.44133e-06	0.000488338	6.47227e-06	3.29279e-05	0.000119991	9.25144e-06	1.34149e-06	0.00089538	5.13613e-06	5.99126e-06	8.34874e-05	3.85931e-05	4.97579e-06	0.000715001	6.0447e-06	3.23934e-05	6.33384e-05	9.99968e-06	0.0178599	0.929519	0.00595447	0.0119112	0.00606077	3.78983e-05	0.0119104	0.00649849	7.38084e-06	3.68828e-05	8.01204e-05	1.14962e-05	3.53276e-06	
0.00578751	9.40741e-06	2.08351e-05	0.000278978	0.000136948	1.69578e-05	0.00186456	2.47123e-05	0.000125725	0.000458147	3.53237e-05	5.12204e-06	0.00341872	1.96107e-05	2.28757e-05	0.00031877	0.000147355	1.89985e-05	0.00273	2.30798e-05	0.000123684	0.000241838	3.81806e-05	1.04277e-05	0.889983	0.0227353	0.022752	0.000413865	0.000144703	2.16513e-05	0.00208516	0.0227555	0.0228681	0.000305914	4.38944e-05	1.34887e-05	
0.277017	4.91015e-08	1.08748e-07	0.00012008	7.14795e-07	8.85106e-08	0.000365604	1.28985e-07	6.56214e-07	2.39128e-06	1.8437e-07	2.67342e-08	0.00132271	1.02357e-07	1.19399e-07	1.66381e-06	7.69115e-07	9.91617e-08	0.000607369	1.20464e-07	6.45563e-07	1.26226e-06	1.99282e-07	5.44271e-08	0.00120513	0.00296564	0.0120998	0.131319	0.048518	0.00332158	0.513415	1.47092e-07	0.00450845	0.00320444	2.29105e-07	7.04037e-08	
0.00848835	1.37975e-05	3.05581e-05	0.000409167	0.000200857	2.48715e-05	0.00273469	3.62447e-05	0.000184396	0.000671949	5.18081e-05	7.51232e-06	0.00501413	2.87623e-05	3.3551e-05	0.00046753	0.000216121	2.78644e-05	0.00400401	3.38503e-05	0.000181403	0.000354695	5.59982e-05	1.5294e-05	0.00530804	1.17025e-05	0.0333696	0.800607	0.0335456	0.0333651	0.0363916	0.0333747	0.000206544	0.000448674	6.43785e-05	1.97834e-05	
0.00231501	3.76296e-06	8.33402e-06	0.000111591	5.47793e-05	6.78313e-06	0.000745826	9.88492e-06	5.02898e-05	0.000183259	1.41295e-05	2.04881e-06	0.00136749	7.84427e-06	9.15028e-06	0.000127508	5.89422e-05	7.59939e-06	0.001092	9.23191e-06	4.94736e-05	9.67351e-05	1.52722e-05	4.17109e-06	0.00144765	3.19158e-06	9.88492e-06	0.0910746	0.772785	0.0363723	0.0644704	0.027284	5.63302e-05	0.000122366	1.75578e-05	5.39548e-06	
0.0923389	3.28774e-07	7.28151e-07	0.000804031	4.78612e-06	5.92648e-07	6.51635e-05	8.63655e-07	4.39387e-06	1.60115e-05	1.23451e-06	1.79007e-07	0.00091376	6.85361e-07	7.99469e-07	1.11405e-05	5.14983e-06	6.63966e-07	9.54092e-05	8.06601e-07	4.32255e-06	0.000802733	1.33435e-06	3.64432e-07	0.000920763	2.78851e-07	8.63655e-07	1.44639e-05	0.0397191	0.0444805	0.733194	0.00158955	4.92162e-06	0.0849988	1.53404e-06	4.71408e-07	
0.0242759	7.58106e-07	1.67902e-06	2.24817e-05	1.10361e-05	1.36656e-06	0.00198176	1.99147e-06	1.01317e-05	3.69203e-05	2.8466e-06	4.12765e-07	0.000275502	1.58035e-06	1.84346e-06	2.56884e-05	1.18748e-05	1.53101e-06	0.00022	1.85991e-06	9.9672e-06	1.94888e-05	3.07682e-06	8.4033e-07	0.00029165	6.42992e-07	1.99147e-06	3.33517e-05	1.1661e-05	0.00732775	0.492842	0.0183173	0.454224	2.46524e-05	3.53728e-06	1.087e-06	
0.0339026	4.31173e-06	9.5494e-06	0.000127865	6.27679e-05	7.77233e-06	0.000854592	1.13265e-05	5.76238e-05	0.000209984	1.619e-05	2.3476e-06	0.00156692	8.98822e-06	1.04847e-05	0.000146103	6.75379e-05	8.70763e-06	0.00125125	1.05782e-05	5.66885e-05	0.000110842	1.74994e-05	4.77938e-06	0.00165876	3.65702e-06	1.13265e-05	0.000189688	6.6322e-05	9.92352e-06	0.844706	0.0937629	6.4545e-05	0.0209735	2.01183e-05	6.18233e-06	
0.779996	6.92647e-08	1.53404e-07	0.00016939	1.00832e-06	1.24857e-07	0.00285844	1.81951e-07	9.25683e-07	3.37324e-06	2.60081e-07	3.77125e-08	0.000694515	1.44389e-07	1.68429e-07	2.34704e-06	1.08495e-06	1.39882e-07	0.000522108	1.69931e-07	9.10658e-07	1.7806e-06	2.81116e-07	7.67771e-08	0.000193983	5.87473e-08	1.81951e-07	3.0472e-06	1.06541e-06	1.59414e-07	1.53526e-05	0.0143911	0.0379863	0.158804	0.00167368	0.00267748	
0.113288	3.53783e-06	7.83541e-06	0.00865192	5.15019e-05	6.3773e-06	0.000701204	9.29351e-06	4.7281e-05	0.000172295	1.32841e-05	1.92624e-06	0.00128567	7.37495e-06	8.60283e-06	0.000119879	5.54157e-05	7.14472e-06	0.00102667	8.67957e-06	4.65136e-05	9.09475e-05	1.43585e-05	3.92154e-06	0.00136104	3.00063e-06	9.29351e-06	0.000155641	5.44181e-05	8.14238e-06	0.000784162	1.05981e-05	5.296e-05	0.453106	0.41882	5.07268e-06	
0.72636	7.99085e-07	1.76977e-06	2.36969e-05	1.16327e-05	1.44043e-06	0.00208888	0.0038631	1.06793e-05	3.89159e-05	3.00047e-06	4.35076e-07	0.000290394	1.66577e-06	1.94311e-06	2.7077e-05	1.25167e-05	1.61377e-06	0.000231892	1.96044e-06	1.0506e-05	2.05422e-05	3.24314e-06	8.85753e-07	0.000307415	6.77749e-07	2.09911e-06	3.51545e-05	1.22913e-05	1.83911e-06	0.000177118	2.39379e-06	1.1962e-05	0.0811071	0.185332	1.14576e-06	
0.935755	3.51082e-07	0.000848954	0.00509947	5.11087e-06	6.32862e-07	0.00176594	9.22257e-07	4.69201e-06	0.000865274	1.31827e-06	1.91153e-07	0.00182394	7.31865e-07	8.53716e-07	0.000860073	5.49927e-06	7.09018e-07	0.000101883	8.61332e-07	4.61585e-06	9.02532e-06	1.42489e-06	3.8916e-07	0.000983241	2.97773e-07	9.22257e-07	1.54453e-05	5.40027e-06	8.08022e-07	0.000925994	1.05172e-06	5.25557e-06	1.14166e-05	0.0415623	0.00933044	
0.863323	2.03904e-06	4.51597e-06	6.0468e-05	2.96833e-05	3.67559e-06	0.00533025	5.35636e-06	2.72506e-05	9.93028e-05	7.65637e-06	1.1102e-06	0.000741004	4.25059e-06	4.95828e-06	6.90931e-05	3.19391e-05	4.1179e-06	0.000591725	5.00251e-06	2.68083e-05	5.2418e-05	8.2756e-06	2.2602e-06	0.000784439	1.72943e-06	5.35636e-06	8.97047e-05	3.13641e-05	4.6929e-06	0.000451956	6.10828e-06	3.05237e-05	6.63065e-05	9.51406e-06	0.128082	
0.912123	0.0185262	1.69767e-05	0.0372644	0.0186301	1.38175e-05	0.00151927	2.01359e-05	0.000102442	0.000373305	2.87823e-05	4.17351e-06	0.00278563	1.59791e-05	1.86395e-05	0.000259739	0.000120067	1.54802e-05	0.00222445	1.88057e-05	0.000100779	0.000197053	3.11101e-05	8.49667e-06	0.00294891	6.50137e-06	2.01359e-05	0.000337223	0.000117906	1.76418e-05	0.00169902	2.29626e-05	0.000114747	0.000249263	3.57658e-05	1.09908e-05	
### Chord Transition Prob
0.340952	0.659048	
0.509554	0.490446	
0.960233	0.0397672	
0.696652	0.303348	
0.77667	0.22333	
0.915577	0.0844233	
0.609536	0.390464	
0.884521	0.115479	
0.764868	0.235132	
0.625974	0.374026	
0.947731	0.0522688	
0.727969	0.272031	
0.487155	0.512845	
0.566426	0.433574	
0.884173	0.115827	
0.732519	0.267481	
0.76338	0.23662	
0.935175	0.0648247	
0.507176	0.492824	
0.92901	0.0709904	
0.777467	0.222533	
0.810218	0.189782	
0.893142	0.106858	
0.84453	0.15547	
0.475731	0.524269	
0.74813	0.25187	
0.900901	0.0990991	
0.620472	0.379528	
0.768906	0.231094	
0.896359	0.103641	
0.585992	0.414008	
0.841121	0.158879	
0.750616	0.249384	
0.790691	0.209309	
0.948155	0.0518449	
0.804769	0.195231	
