#TPQN: 12
#nBeat: 24
### Unigram Prob
0.208364	0.00547765	0.00503174	0.0514475	0.0134621	0.000795659	0.128045	0.00624404	0.00681536	0.0612017	0.0155662	0.00101861	0.164038	0.0061047	0.00567273	0.0581779	0.0134621	0.000893201	0.14669	0.00717765	0.00749815	0.0687263	0.0172384	0.000851397	
### Init Prob
0.965361	0.00150602	0.00150602	0.00150602	0.00150602	0.00150602	0.00150602	0.00150602	0.00150602	0.00150602	0.00150602	0.00150602	0.00150602	0.00150602	0.00150602	0.00150602	0.00150602	0.00150602	0.00150602	0.00150602	0.00150602	0.00150602	0.00150602	0.00150602	
### Transition Prob
0.0204917	0.0645398	0.0511383	0.449313	0.0169306	1.40303e-07	0.27493	0.00123545	1.20179e-06	0.0202894	0.0037058	1.79618e-07	0.0612174	1.07648e-06	1.0003e-06	0.00353697	2.37385e-06	1.57503e-07	0.0215388	1.26568e-06	1.32219e-06	0.00935791	0.0017664	1.50132e-07	
0.000567749	1.49255e-05	0.0381608	0.959268	3.66815e-05	2.16801e-06	0.000348897	1.70137e-05	1.85705e-05	0.000166762	4.24148e-05	2.77551e-06	0.00044697	1.66341e-05	1.5457e-05	0.000158523	3.66815e-05	2.43379e-06	0.0003997	1.95576e-05	2.04309e-05	0.000187265	4.6971e-05	2.31988e-06	
0.00068316	1.79595e-05	1.64975e-05	0.193611	0.800044	0.0032813	0.000419821	2.04723e-05	2.23454e-05	0.000200661	5.10368e-05	3.33971e-06	0.00053783	2.00154e-05	1.85991e-05	0.000190747	4.41381e-05	2.92853e-06	0.00048095	2.35333e-05	2.45841e-05	0.000225332	5.65192e-05	2.79147e-06	
7.03219e-05	1.84868e-06	1.69819e-06	1.73633e-05	0.158965	0.00101276	0.838045	0.000339603	2.30015e-06	0.00103314	5.25353e-06	3.43777e-07	5.53622e-05	2.06031e-06	1.91452e-06	0.000357131	4.5434e-06	3.01451e-07	4.95072e-05	2.42243e-06	2.53059e-06	2.31948e-05	5.81787e-06	2.87343e-07	
0.000255975	6.7293e-06	6.1815e-06	6.32033e-05	1.65382e-05	0.0405415	0.926447	7.67081e-06	0.0319494	7.51863e-05	1.91231e-05	1.25136e-06	0.000201521	7.49963e-06	6.96895e-06	7.14716e-05	1.65382e-05	1.0973e-06	0.000180209	8.81776e-06	9.21148e-06	8.44303e-05	2.11773e-05	1.04594e-06	
0.00548326	0.000144149	0.000132414	0.00135388	0.000354266	2.09384e-05	0.977054	0.000164317	0.000179351	0.00161057	0.000409637	2.68055e-05	0.00431679	0.00016065	0.000149282	0.001531	0.000354266	2.35053e-05	0.00386026	0.000188886	0.00019732	0.00180859	0.000453641	2.24052e-05	
0.00169349	1.13011e-06	1.03811e-06	0.000216927	2.77741e-06	1.64155e-07	2.64175e-05	0.0858276	0.0724173	0.545092	0.00887468	2.10153e-07	0.283508	1.25948e-06	1.17036e-06	0.000837256	2.77741e-06	1.84279e-07	0.00126814	0.000207794	1.54697e-06	1.41791e-05	3.5565e-06	1.75654e-07	
0.000490268	1.28886e-05	1.18394e-05	0.000121053	3.16755e-05	1.87214e-06	0.000301283	1.46919e-05	0.0870749	0.908379	0.00238957	2.39673e-06	0.000385972	1.4364e-05	1.33476e-05	0.000136889	3.16755e-05	2.10165e-06	0.000345152	1.68886e-05	1.76427e-05	0.000161709	4.05608e-05	2.00329e-06	
0.000502081	1.31991e-05	1.21247e-05	0.00012397	3.24388e-05	1.91725e-06	0.000308543	1.50459e-05	1.64225e-05	0.270027	0.662688	2.45448e-06	0.0630459	1.47101e-05	1.36692e-05	0.00254983	3.24388e-05	2.15229e-06	0.000353469	1.72956e-05	1.80678e-05	0.000165605	4.15382e-05	2.05156e-06	
6.39349e-05	1.68078e-06	1.54395e-06	1.57863e-05	4.13075e-06	2.44142e-07	3.92898e-05	1.91594e-06	2.09124e-06	1.87793e-05	0.181656	0.0027619	0.813797	1.87318e-06	1.74063e-06	0.00155206	4.13075e-06	2.74072e-07	4.50107e-05	2.20241e-06	2.30075e-06	2.10881e-05	5.28946e-06	2.61245e-07	
0.000223327	5.871e-06	5.39308e-06	5.5142e-05	1.44288e-05	8.52796e-07	0.00013724	6.69244e-06	7.30478e-06	6.55966e-05	1.6684e-05	0.0503762	0.946585	6.54308e-06	6.0801e-06	6.23557e-05	1.44288e-05	9.57342e-07	0.00230085	7.69309e-06	8.0366e-06	7.36616e-05	1.84763e-05	9.12537e-07	
0.0036555	9.60991e-05	8.82762e-05	0.000902588	0.000236177	1.39589e-05	0.00224641	0.000109545	0.000119568	0.00107371	0.000273091	1.78704e-05	0.985334	0.0001071	9.95216e-05	0.00102066	0.000236177	1.56702e-05	0.0025735	0.000125924	0.000131546	0.00120572	0.000302427	1.49368e-05	
0.0559595	1.02789e-06	9.44219e-07	0.000197307	2.5262e-06	1.49307e-07	0.000586985	1.17171e-06	1.27892e-06	1.14846e-05	2.92104e-06	1.91145e-07	0.00171965	0.0780646	0.0591116	0.501043	0.0105111	1.67611e-07	0.270435	0.000376652	1.40705e-06	0.0182152	0.00375628	1.59767e-07	
0.000499673	1.31358e-05	1.20665e-05	0.000123375	3.22832e-05	1.90806e-06	0.000307063	1.49737e-05	1.63438e-05	0.000146767	3.73291e-05	2.44271e-06	0.000393377	1.46396e-05	0.0623637	0.935391	3.22832e-05	2.14197e-06	0.000351774	1.72126e-05	1.79812e-05	0.000164811	4.1339e-05	2.04172e-06	
0.000609251	1.60165e-05	1.47127e-05	0.000150431	3.93629e-05	2.32649e-06	0.000374402	1.82574e-05	1.99279e-05	0.000178952	4.55152e-05	2.97839e-06	0.000479644	1.785e-05	1.65869e-05	0.204848	0.789513	0.00292659	0.000428917	2.09873e-05	2.19244e-05	0.000200954	5.04045e-05	2.48947e-06	
6.58962e-05	1.73234e-06	1.59132e-06	1.62706e-05	4.25747e-06	2.51632e-07	4.04951e-05	1.97471e-06	2.15539e-06	1.93554e-05	4.9229e-06	3.22141e-07	5.1878e-05	1.93064e-06	1.79403e-06	1.83991e-05	0.169517	0.00158156	0.827055	0.000318526	2.37133e-06	0.000970502	0.000321707	2.69259e-07	
0.000241441	6.34721e-06	5.83052e-06	5.96147e-05	1.55992e-05	9.21969e-07	0.000148372	7.23528e-06	7.89728e-06	7.09173e-05	1.80373e-05	1.18031e-06	0.000190079	7.07381e-06	6.57327e-06	6.74135e-05	1.55992e-05	0.0579385	0.913264	8.3171e-06	0.0278187	7.96365e-05	1.99749e-05	9.86555e-07	
0.0036555	9.60991e-05	8.82762e-05	0.000902588	0.000236177	1.39589e-05	0.00224641	0.000109545	0.000119568	0.00107371	0.000273091	1.78704e-05	0.00287786	0.0001071	9.95216e-05	0.00102066	0.000236177	1.56702e-05	0.98503	0.000125924	0.000131546	0.00120572	0.000302427	1.49368e-05	
0.264677	1.09073e-06	1.00194e-06	1.02444e-05	0.000400928	1.58435e-07	0.00161849	1.24334e-06	1.3571e-06	1.21867e-05	3.0996e-06	2.0283e-07	3.26639e-05	1.21559e-06	1.12958e-06	1.15846e-05	2.68063e-06	1.77858e-07	2.92094e-05	0.0921958	0.0768633	0.557162	0.00677364	0.000199293	
0.000445222	1.17044e-05	1.07516e-05	0.000109931	2.87652e-05	1.70013e-06	0.000273601	1.3342e-05	1.45627e-05	0.000130773	3.32611e-05	2.17652e-06	0.000350509	1.30442e-05	1.21212e-05	0.000124312	2.87652e-05	1.90855e-06	0.00031344	1.53369e-05	0.10258	0.893309	0.00217359	1.81922e-06	
0.0615903	1.19599e-05	1.09863e-05	0.000112331	2.93932e-05	1.73725e-06	0.000279575	1.36333e-05	1.48807e-05	0.000133628	3.39874e-05	2.22404e-06	0.000358162	1.3329e-05	1.23859e-05	0.000127026	2.93932e-05	1.95022e-06	0.000320283	1.56717e-05	1.63715e-05	0.262159	0.67471	1.85895e-06	
0.819675	1.57088e-06	1.443e-06	0.000301534	3.86066e-06	2.28179e-07	0.0003235	1.79066e-06	1.9545e-06	1.75514e-05	4.46407e-06	2.92117e-07	0.000907381	1.7507e-06	1.62682e-06	1.66842e-05	3.86066e-06	2.56152e-07	0.000328847	2.0584e-06	2.15031e-06	1.97093e-05	0.177521	0.000860583	
0.947791	5.52182e-06	5.07232e-06	5.18624e-05	1.35707e-05	8.02076e-07	0.00113714	6.2944e-06	6.87032e-06	6.16952e-05	1.56917e-05	1.02683e-06	0.000165361	6.15393e-06	5.71848e-06	5.8647e-05	1.35707e-05	9.00404e-07	0.000147873	7.23554e-06	7.55862e-06	0.00309347	1.73774e-05	0.0473799	
0.984478	0.000107405	9.86616e-05	0.00100877	0.000263963	1.56012e-05	0.00251069	0.000122432	0.000133634	0.00120003	0.00030522	1.99728e-05	0.00321643	0.0001197	0.00011123	0.00114074	0.000263963	1.75137e-05	0.00287627	0.000140738	0.000147022	0.00134757	0.000338007	1.66941e-05	
### Chord Transition Prob
0.37976	0.62024	
0.931236	0.0687643	
0.842309	0.157691	
0.802307	0.197693	
0.841692	0.158308	
0.654045	0.345955	
0.527415	0.472585	
0.946337	0.0536629	
0.846766	0.153234	
0.741845	0.258155	
0.834451	0.165549	
0.769231	0.230769	
0.453489	0.546511	
0.94967	0.0503302	
0.83803	0.16197	
0.757166	0.242834	
0.892359	0.107641	
0.875576	0.124424	
0.477463	0.522537	
0.906801	0.093199	
0.851143	0.148857	
0.707719	0.292281	
0.803174	0.196826	
0.834697	0.165303	
