#TPQN: 12
#nBeat: 48
### Unigram Prob
0.185331	0.000120923	9.18826e-05	0.00839036	0.00125929	4.77418e-05	0.0665877	0.00014067	0.00210145	0.0249443	0.000413646	3.72874e-05	0.106475	0.000148801	0.000166225	0.0117149	0.00301447	6.63274e-05	0.0973318	0.000173195	0.00192257	0.0162045	0.000770258	7.56202e-05	0.128006	0.000174356	0.00014067	0.0127347	0.00139636	3.03178e-05	0.071887	0.000244052	0.00231286	0.0204768	0.000623896	3.96106e-05	0.118443	0.000318395	0.000151124	0.0122724	0.0028019	8.25898e-05	0.0832021	0.000282385	0.00148929	0.0145294	0.000749349	8.14282e-05	
### Init Prob
0.908461	0.000141483	0.000141483	0.000141483	0.000141483	0.000141483	0.00721562	0.000141483	0.00155631	0.00155631	0.000141483	0.000141483	0.00721562	0.000141483	0.000141483	0.000141483	0.000141483	0.000141483	0.00438596	0.000141483	0.000141483	0.000141483	0.000141483	0.000141483	0.00721562	0.000141483	0.000141483	0.000141483	0.000141483	0.000141483	0.0142898	0.000141483	0.000141483	0.0128749	0.000141483	0.000141483	0.0185342	0.000141483	0.000141483	0.00297114	0.000141483	0.000141483	0.00863045	0.000141483	0.000141483	0.000141483	0.000141483	0.000141483	
### Transition Prob
0.0141155	0.00149644	0.00132596	0.100375	0.0128997	1.89432e-05	0.522372	1.89449e-05	0.00842935	0.0558612	0.000397795	7.06308e-10	0.20276	2.81863e-09	3.14868e-09	0.000549548	0.000113711	1.25639e-09	0.0356512	3.2807e-09	5.68632e-05	0.000435979	3.78991e-05	1.43242e-09	0.0317875	3.3027e-09	2.66461e-09	0.000132837	2.64502e-08	5.74288e-10	0.00274799	4.6229e-09	3.79283e-05	0.000208753	1.1818e-08	7.50314e-10	0.00640473	6.03112e-09	2.86264e-09	0.000246482	1.89953e-05	1.56444e-09	0.00134648	5.68321e-05	2.82105e-08	9.49865e-05	1.41944e-08	1.54244e-09	
0.00215501	1.40608e-06	0.0581406	0.802423	0.0465263	5.55137e-07	0.0124022	0.0232574	2.44355e-05	0.00029005	0.0116327	4.33574e-07	0.0361218	1.73025e-06	1.93285e-06	0.000136219	3.5052e-05	7.71249e-07	0.00113177	2.01389e-06	2.23554e-05	0.000188424	8.95648e-06	8.79305e-07	0.00148844	2.0274e-06	1.6357e-06	0.000148078	1.62368e-05	3.52532e-07	0.000835895	2.83782e-06	2.68938e-05	0.000238103	7.2546e-06	4.60588e-07	0.00137724	3.70227e-06	1.75726e-06	0.000142703	3.25802e-05	9.60347e-07	0.000967466	3.28355e-06	1.73173e-05	0.000168947	8.71336e-06	9.4684e-07	
0.0024069	1.57042e-06	1.19328e-06	0.155953	0.792224	0.0389617	0.000864776	1.82688e-06	2.72916e-05	0.000323952	5.37203e-06	4.84252e-07	0.00138279	1.93248e-06	2.15877e-06	0.000152141	3.9149e-05	8.61395e-07	0.00126405	2.24928e-06	2.49684e-05	0.000210447	1.00033e-05	9.82081e-07	0.00166242	2.26437e-06	1.82688e-06	0.000165386	1.81346e-05	3.93737e-07	0.000933597	3.16951e-06	3.00372e-05	0.000265933	8.10254e-06	5.14423e-07	0.00153822	4.135e-06	1.96265e-06	0.000159382	3.63883e-05	1.0726e-06	0.00108055	3.66734e-06	1.93414e-05	0.000188694	9.7318e-06	1.05751e-06	
0.00113222	2.21348e-08	1.68191e-08	1.53585e-06	0.0219662	0.00109831	0.879566	0.000915274	3.8467e-07	0.0589465	7.57178e-08	6.82544e-09	0.0265617	2.7238e-08	3.04274e-08	0.00183264	5.51798e-07	1.21412e-08	0.00331271	3.17032e-08	3.51925e-07	0.000552115	1.40995e-07	1.38423e-08	0.00093868	3.19159e-08	2.57496e-08	0.000185381	2.55603e-07	5.54966e-09	0.000928407	4.46737e-08	4.23369e-07	0.000186798	1.14204e-07	7.2507e-09	0.00057083	5.8282e-08	2.76632e-08	0.000551395	5.12886e-07	1.5118e-08	0.000381329	5.16905e-08	2.72614e-07	0.000368759	1.37168e-07	1.49054e-08	
0.00021327	1.39152e-07	1.05734e-07	9.65519e-06	1.44913e-06	0.0149598	0.345301	0.00920615	0.574226	0.0357019	0.00115122	4.29084e-08	0.016233	1.71233e-07	1.91283e-07	0.00116423	3.4689e-06	7.63261e-08	0.000112004	1.99303e-07	2.21239e-06	1.86472e-05	8.86372e-07	8.70198e-08	0.000147303	2.0064e-07	1.61876e-07	0.0011654	1.60686e-06	3.48881e-08	8.27238e-05	2.80843e-07	2.66152e-06	2.35637e-05	7.17947e-07	4.55818e-08	0.000136298	3.66392e-07	1.73906e-07	1.41225e-05	3.22428e-06	9.50401e-08	9.57447e-05	3.24954e-07	1.7138e-06	1.67197e-05	8.62312e-07	9.37034e-08	
0.00741325	4.83691e-06	3.67531e-06	0.000335614	5.03717e-05	1.90967e-06	0.762664	0.0400056	0.0800841	0.000997773	0.0400165	1.4915e-06	0.00425899	5.95204e-06	6.649e-06	0.000468594	0.0401206	2.6531e-06	0.00389327	6.92779e-06	7.69026e-05	0.000648178	3.08103e-05	3.02481e-06	0.00512025	6.97425e-06	5.6268e-06	0.00050939	5.58544e-05	1.21271e-06	0.00287548	9.76209e-06	9.25146e-05	0.000819073	2.49558e-05	1.58442e-06	0.00473771	1.27358e-05	6.04497e-06	0.000490897	0.000112076	3.30359e-06	0.00332808	1.12954e-05	5.95715e-05	0.000581177	2.9974e-05	3.25713e-06	
0.00162487	3.56042e-09	2.70537e-09	2.47044e-07	3.70783e-08	1.4057e-09	1.9606e-06	0.0026205	0.0086271	0.246092	0.00156053	1.09788e-09	0.688134	4.38127e-09	5.88925e-05	0.00388693	5.89764e-05	1.95293e-09	0.0356299	5.09951e-09	5.66077e-08	0.000589353	2.26793e-08	2.22655e-09	0.00745305	5.13371e-09	4.14186e-09	5.92626e-05	4.11142e-08	8.92671e-10	0.00120931	7.18583e-09	6.80995e-08	0.000324485	5.8906e-05	1.16629e-09	0.000827914	9.37476e-09	4.44967e-09	8.86928e-05	8.24985e-08	2.43176e-09	0.00109187	8.3145e-09	4.38503e-08	4.27801e-07	2.20637e-08	2.39756e-09	
0.00173207	1.13012e-06	8.58716e-07	7.84146e-05	1.17691e-05	4.46185e-07	0.000622315	1.31467e-06	0.168244	0.635747	0.112153	3.4848e-07	0.0383783	0.018693	1.55351e-06	0.000109485	2.81726e-05	6.19882e-07	0.0102554	1.61864e-06	1.79679e-05	0.000151443	7.19867e-06	7.06731e-07	0.00119632	1.6295e-06	1.31467e-06	0.000119016	1.30501e-05	2.83344e-07	0.000671841	2.28086e-06	2.16155e-05	0.000191372	5.8308e-06	3.70192e-07	0.00110694	2.97565e-06	1.41238e-06	0.00946049	2.6186e-05	7.71868e-07	0.00077759	2.63911e-06	1.39186e-05	0.000135789	7.00326e-06	7.61011e-07	
0.000146391	9.55155e-08	7.25771e-08	6.62746e-06	9.94701e-07	3.77107e-08	5.25969e-05	1.11114e-07	1.65991e-06	0.0671603	0.0695106	0.00315959	0.67465	1.17536e-07	1.31299e-07	9.25345e-06	0.174568	5.23913e-08	0.00323644	1.36805e-07	1.51861e-06	0.00159258	6.08418e-07	5.97316e-08	0.00563034	1.37722e-07	1.11114e-07	1.0059e-05	1.10297e-06	2.39477e-08	5.67827e-05	1.92774e-07	1.82691e-06	1.61744e-05	4.92809e-07	3.1288e-08	9.35567e-05	2.51497e-07	1.19371e-07	9.69386e-06	2.21319e-06	6.52368e-08	6.57205e-05	2.23053e-07	1.17637e-06	1.14766e-05	5.91903e-07	6.43193e-08	
0.00103038	1.02252e-08	7.76955e-09	7.09484e-07	1.06485e-07	4.03702e-09	5.63062e-06	1.1895e-08	1.77698e-07	2.10928e-06	0.0110773	0.000676479	0.752673	0.000591929	8.45735e-05	0.0691706	0.000169374	5.60861e-09	0.155598	1.46452e-08	8.4722e-05	0.00101608	6.51326e-08	6.3944e-09	0.00373144	1.47435e-08	1.1895e-08	0.000846671	0.000422915	2.56366e-09	0.00186639	2.06369e-08	1.95574e-07	8.6291e-05	5.27563e-08	3.34945e-09	0.000432813	2.69233e-08	1.2779e-08	0.000170157	2.36927e-07	6.98375e-09	9.1595e-05	2.38783e-08	1.25933e-07	0.000170347	6.33645e-08	6.88553e-09	
0.00383602	3.91335e-07	2.97355e-07	2.71533e-05	4.07538e-06	1.54504e-07	0.000215494	4.55242e-07	6.80082e-06	8.0726e-05	1.33866e-06	0.064725	0.870895	0.019418	0.00323678	0.0129829	0.003246	2.14652e-07	0.00678748	0.00323681	6.2219e-06	0.00652493	2.49274e-06	2.44726e-07	0.00041426	5.6426e-07	4.55242e-07	4.12128e-05	4.51897e-06	9.81158e-08	0.000232644	7.89813e-07	7.485e-06	6.6268e-05	2.01908e-06	1.2819e-07	0.00038331	1.0304e-06	4.89075e-07	3.97166e-05	9.06763e-06	2.67281e-07	0.00350551	9.13868e-07	4.8197e-06	4.70208e-05	2.42508e-06	2.63522e-07	
0.0056161	3.66432e-06	2.78432e-06	0.000254253	3.81604e-05	1.44672e-06	0.00201781	4.26272e-06	6.36804e-05	0.000755889	1.25347e-05	1.12992e-06	0.851711	0.0909136	0.0303081	0.000354996	9.13476e-05	2.00992e-06	0.00294945	5.24832e-06	5.82596e-05	0.000491044	2.33411e-05	2.29152e-06	0.00387898	5.28352e-06	4.26272e-06	0.000385901	4.2314e-05	9.18721e-07	0.00217839	7.39553e-06	7.00868e-05	0.00062051	1.89059e-05	1.20032e-06	0.00358917	9.64833e-06	4.57952e-06	0.000371892	8.4906e-05	2.50272e-06	0.00252128	8.55713e-06	4.513e-05	0.000440285	2.27075e-05	2.46752e-06	
0.00309916	2.712e-09	2.0607e-09	1.88175e-07	2.82428e-08	1.07073e-09	0.000113631	3.15488e-09	4.71304e-08	5.59441e-07	9.27707e-09	8.36265e-10	0.000249091	0.00222033	0.00257917	0.137055	0.0258815	2.2429e-05	0.644615	2.24314e-05	0.00215309	0.011102	0.000201865	1.69598e-09	0.157108	3.91039e-09	3.15488e-09	0.000426409	3.1317e-08	6.79954e-10	0.00652803	5.4735e-09	5.18719e-08	0.000112597	2.24416e-05	8.88369e-10	0.00563197	7.14082e-09	3.38935e-09	0.000291834	6.28397e-08	1.85229e-09	0.000405562	6.33321e-09	3.34011e-08	0.000157319	1.68061e-08	1.82624e-09	
0.0015706	1.02477e-06	7.78666e-07	7.11047e-05	1.0672e-05	4.04592e-07	0.000564303	1.19212e-06	1.78089e-05	0.000211393	3.50548e-06	3.15995e-07	0.000902329	1.26103e-06	0.0762726	0.652642	0.135619	0.0169497	0.0686215	0.0169506	1.62929e-05	0.000137326	0.0084811	6.40849e-07	0.018034	1.4776e-06	1.19212e-06	0.000107922	1.18336e-05	2.5693e-07	0.000609211	2.06824e-06	1.96005e-05	0.000173532	5.28725e-06	3.35683e-07	0.00100375	2.69826e-06	1.28071e-06	0.000104004	2.37449e-05	6.99914e-07	0.000705103	2.39309e-06	1.26211e-05	0.000123131	6.35041e-06	6.9007e-07	
0.00142562	9.30174e-07	7.0679e-07	6.45412e-05	9.68686e-06	3.67245e-07	0.000512213	1.08208e-06	1.6165e-05	0.00019188	3.18189e-06	2.86826e-07	0.000819037	1.14462e-06	1.27865e-06	0.146244	0.746177	0.0307697	0.0469026	1.33227e-06	1.4789e-05	0.00781696	0.00769823	5.81694e-07	0.00867697	1.3412e-06	1.08208e-06	9.79596e-05	1.07412e-05	2.33214e-07	0.000552977	1.87733e-06	1.77913e-05	0.000157514	4.7992e-06	3.04697e-07	0.000911098	2.44919e-06	1.16249e-06	9.44033e-05	2.15531e-05	6.35306e-07	0.000640016	2.17219e-06	1.14561e-05	0.000111765	5.76422e-06	6.26371e-07	
0.000164401	0.000138713	1.27438e-08	1.16371e-06	1.74659e-07	6.62161e-09	0.000147932	1.95104e-08	2.91464e-07	3.45969e-06	5.73712e-08	5.17162e-09	0.000153464	2.06382e-08	2.30548e-08	1.62481e-06	0.0185857	0.0040222	0.898488	0.000970898	2.66653e-07	0.0474364	1.06832e-07	1.04882e-08	0.0276183	2.41826e-08	1.95104e-08	0.00152743	1.9367e-07	4.20496e-09	0.000287363	3.38491e-08	3.20786e-07	0.000280233	8.6532e-08	5.49384e-09	0.000155124	4.41602e-08	2.09604e-08	1.70214e-06	3.88613e-07	1.14549e-08	1.15398e-05	3.91658e-08	2.06559e-07	2.01518e-06	1.03932e-07	1.12938e-08	
0.00378308	7.39588e-08	5.61973e-08	5.13172e-06	7.70209e-07	2.91999e-08	4.07264e-05	8.60366e-08	1.28529e-06	1.52565e-05	2.52995e-07	2.28057e-08	6.51222e-05	9.10098e-08	1.01667e-07	7.16505e-06	1.84371e-06	0.00733949	0.414127	0.00183497	0.336393	0.00367964	0.00122371	4.62509e-08	0.226378	1.0664e-07	0.000611707	7.78884e-06	8.54043e-07	1.8543e-08	0.00249045	1.49268e-07	1.4146e-06	1.2524e-05	3.81588e-07	2.42267e-08	0.00129568	1.94737e-07	9.24308e-08	7.50607e-06	0.000613334	5.05137e-08	5.08881e-05	1.72713e-07	9.1088e-07	8.8865e-06	4.58317e-07	4.98032e-08	
0.00378227	2.46781e-06	1.87516e-06	0.000171232	2.56998e-05	9.74322e-07	0.00135893	2.87081e-06	4.28868e-05	0.000509068	8.44176e-06	7.60967e-07	0.00217295	3.03676e-06	3.39235e-06	0.000239079	6.15198e-05	1.35362e-06	0.818313	0.0816362	0.0612637	0.000330703	0.0204239	1.54327e-06	0.00261237	3.55829e-06	2.87081e-06	0.000259893	2.84972e-05	6.1873e-07	0.00146708	4.98066e-06	4.72013e-05	0.000417894	1.27326e-05	8.08379e-07	0.0024172	6.49785e-06	3.08417e-06	0.000250458	5.71816e-05	1.68551e-06	0.001698	5.76296e-06	3.03936e-05	0.000296519	1.52928e-05	1.6618e-06	
0.00705468	2.94991e-09	2.24148e-09	2.04683e-07	3.07204e-08	1.16466e-09	0.000172389	3.43164e-09	5.12649e-08	6.08517e-07	1.00909e-08	9.09626e-10	7.57825e-05	3.63e-09	4.05506e-09	2.85784e-07	7.3538e-08	1.61806e-09	2.67694e-05	0.0024395	0.00934333	0.193794	0.00646469	2.43968e-05	0.658107	2.43993e-05	0.000146373	0.0106853	7.32191e-05	7.39603e-10	0.0810907	5.95366e-09	5.64223e-08	0.00112267	2.44102e-05	9.66301e-10	0.0261055	7.76724e-09	3.68668e-09	0.000341829	7.32534e-05	2.01478e-09	0.00270988	2.44019e-05	3.63312e-08	7.35395e-05	1.82804e-08	1.98644e-09	
0.00996077	1.01616e-06	7.72123e-07	7.05072e-05	1.05823e-05	4.01192e-07	0.000559561	1.1821e-06	1.76593e-05	0.000209616	3.47602e-06	3.13339e-07	0.000894746	1.25043e-06	1.39685e-06	9.84442e-05	2.53317e-05	5.57373e-07	0.000817915	1.45542e-06	0.0504363	0.748035	0.0756367	0.0252107	0.0262858	0.0252115	1.1821e-06	0.000107015	0.0084151	2.54771e-07	0.000604092	2.05086e-06	1.94358e-05	0.000172074	5.24282e-06	3.32862e-07	0.000995317	0.0252128	1.26995e-06	0.00010313	2.35454e-05	6.94032e-07	0.000699177	2.37298e-06	1.2515e-05	0.000122096	6.29705e-06	6.84271e-07	
0.000177691	1.15937e-07	8.80946e-08	8.04445e-06	1.20737e-06	4.57735e-08	6.38425e-05	1.3487e-07	2.01482e-06	2.3916e-05	3.96593e-07	3.57501e-08	0.000102085	1.42666e-07	1.59372e-07	1.12319e-05	2.89019e-06	6.35929e-08	9.33191e-05	1.66054e-07	1.8433e-06	0.0460366	0.103548	0.0095878	0.809327	1.67168e-07	1.3487e-07	0.000970983	0.00863029	2.90679e-08	0.0106154	2.33991e-07	0.00383731	0.00385472	5.98174e-07	3.79776e-08	0.00203111	3.05268e-07	1.44894e-07	1.17665e-05	2.68638e-06	7.91849e-08	0.00103854	2.70743e-07	1.42789e-06	1.39304e-05	7.18455e-07	7.80712e-08	
0.00313519	1.34508e-08	1.02205e-08	9.33299e-07	1.40077e-07	5.31055e-09	7.40687e-06	1.56474e-08	2.33754e-07	2.77468e-06	4.60118e-08	4.14765e-09	1.18437e-05	1.65518e-08	1.849e-08	1.3031e-06	3.35314e-07	7.37791e-09	1.08267e-05	1.92653e-08	2.13856e-07	1.8025e-06	0.0147943	0.00333705	0.862973	1.93945e-08	1.56474e-08	0.0620704	0.00100127	3.37239e-09	0.0370492	0.00100114	2.57271e-07	0.00244944	6.93989e-08	4.40607e-09	0.00880072	3.54166e-08	1.68103e-08	0.00122495	3.11668e-07	9.18686e-09	0.0011216	3.1411e-08	1.65661e-07	0.00100273	8.33536e-08	9.05765e-09	
0.00222807	2.27298e-07	1.72712e-07	1.57714e-05	2.36709e-06	8.97402e-08	0.000125165	2.64417e-07	3.9501e-06	4.68878e-05	7.7753e-07	7.00891e-08	0.000200141	2.79701e-07	3.12453e-07	2.20204e-05	5.6663e-06	1.24676e-07	0.000182955	3.25554e-07	3.61385e-06	3.04595e-05	1.44785e-06	0.0244362	0.898737	0.00563943	0.00375966	0.0413773	0.00940112	5.69883e-08	0.00389452	4.58745e-07	4.34749e-06	3.84903e-05	0.00188087	7.4456e-08	0.00774143	5.98487e-07	2.84068e-07	2.30685e-05	5.26673e-06	1.55244e-07	0.000156395	5.30799e-07	2.79941e-06	2.73109e-05	1.40855e-06	1.53061e-07	
0.0376781	2.08487e-06	1.58418e-06	0.000144661	2.17119e-05	8.23135e-07	0.00114806	2.42534e-06	3.62319e-05	0.000430075	7.13183e-06	6.42886e-07	0.00183577	2.56554e-06	2.86595e-06	0.00020198	5.19736e-05	1.14358e-06	0.00167813	2.98612e-06	3.31477e-05	0.000279387	1.32803e-05	1.3038e-06	0.778069	0.0344858	0.137933	0.000219565	2.40752e-05	5.2272e-07	0.00123943	4.2078e-06	3.9877e-05	0.000353049	1.07568e-05	6.82941e-07	0.00204212	5.48957e-06	2.60559e-06	0.000211594	4.83086e-05	1.42396e-06	0.00143452	4.86871e-06	2.56774e-05	0.000250507	1.29198e-05	1.40394e-06	
0.0397321	2.64393e-09	2.00898e-09	2.20481e-05	2.75339e-08	1.04386e-09	0.000329425	3.07569e-09	4.59474e-08	5.45398e-07	9.04421e-09	8.15274e-10	0.00048335	3.25348e-09	3.63445e-09	2.21208e-05	6.59102e-08	1.45022e-09	2.39927e-05	3.78684e-09	4.20362e-08	3.54304e-07	1.68414e-08	1.65341e-09	0.000615008	0.00264562	0.00192409	0.130313	0.0160924	6.62887e-10	0.541238	0.000131193	0.00957675	0.0368423	0.00021866	8.6607e-10	0.203693	6.96158e-09	3.30427e-09	0.000350102	0.000262437	1.80579e-09	0.0147167	4.37354e-05	4.37618e-05	0.000678121	1.63842e-08	1.7804e-09	
0.00141474	9.23074e-07	7.01394e-07	6.40486e-05	9.61291e-06	3.64441e-07	0.000508303	1.07382e-06	1.60416e-05	0.000190415	3.1576e-06	2.84637e-07	0.000812785	1.13589e-06	1.26889e-06	8.94264e-05	2.30112e-05	5.06316e-07	0.000742991	1.3221e-06	1.46761e-05	0.000123698	5.87983e-06	5.77254e-07	0.000977147	1.33096e-06	0.0152682	0.748189	0.0534458	2.31433e-07	0.122686	0.0305362	1.76554e-05	0.0077899	4.76256e-06	3.02371e-07	0.00853773	0.00763602	1.15362e-06	9.36827e-05	2.13885e-05	6.30457e-07	0.000635131	2.15561e-06	1.13686e-05	0.000110912	5.72022e-06	6.2159e-07	
0.00171603	1.11965e-06	8.50765e-07	7.76885e-05	1.16601e-05	4.42054e-07	0.000616553	1.3025e-06	1.94579e-05	0.000230966	3.83006e-06	3.45254e-07	0.000985878	1.37779e-06	1.53912e-06	0.000108471	2.79118e-05	6.14143e-07	0.000901221	1.60365e-06	1.78015e-05	0.000150041	7.13202e-06	7.00187e-07	0.00118524	1.61441e-06	1.3025e-06	0.194562	0.518531	0.0462966	0.111777	2.25974e-06	0.00928067	0.0001896	0.0463021	3.66765e-07	0.0566522	0.00926221	1.3993e-06	0.000113634	2.59435e-05	7.64721e-07	0.00077039	2.61468e-06	1.37897e-05	0.000134532	6.93841e-06	7.53965e-07	
0.00268514	1.69241e-08	1.28597e-08	0.000141132	1.76248e-07	6.68185e-09	0.000149277	1.96879e-08	2.94115e-07	3.49116e-06	5.78931e-08	5.21867e-09	0.00015486	2.08259e-08	2.32645e-08	1.63959e-06	4.21899e-07	9.28305e-09	1.36224e-05	2.424e-08	2.69078e-07	2.26794e-06	1.07804e-07	1.05837e-08	0.000157874	2.44026e-08	1.96879e-08	1.78233e-06	0.0229533	0.00153954	0.816945	0.000839782	3.23704e-07	0.0835578	8.73192e-08	5.54382e-09	0.0677563	4.45619e-08	2.11511e-08	0.00168121	3.92148e-07	1.15591e-08	0.000711435	3.95221e-08	2.08438e-07	0.000701824	1.04877e-07	1.13965e-08	
0.00119009	1.21408e-07	9.22516e-08	8.42406e-06	1.26435e-06	4.79335e-08	6.68552e-05	1.41235e-07	2.10989e-06	2.50445e-05	4.15307e-07	3.74371e-08	0.000106902	1.49399e-07	1.66893e-07	1.17619e-05	3.02658e-06	6.65938e-08	9.77227e-05	1.7389e-07	1.93029e-06	1.62695e-05	7.73351e-07	7.59239e-08	0.00012852	1.75057e-07	1.41235e-07	1.27859e-05	1.40197e-06	0.00903618	0.454891	0.00903639	0.47189	0.0140768	0.00200866	3.97697e-08	0.0342555	0.00100434	1.51731e-07	0.00101634	2.81315e-06	8.29215e-08	0.00108755	2.83519e-07	1.49527e-06	1.45878e-05	7.52358e-07	8.17553e-08	
0.00712812	4.65087e-06	3.53395e-06	0.000322706	4.84343e-05	1.83622e-06	0.00256107	5.41038e-06	8.08251e-05	0.000959398	1.59095e-05	1.43413e-06	0.00409518	5.72312e-06	6.39327e-06	0.000450572	0.000115941	2.55105e-06	0.00374353	6.66133e-06	7.39448e-05	0.000623248	2.96253e-05	2.90847e-06	0.00492332	6.70601e-06	5.41038e-06	0.000489798	5.37062e-05	1.16607e-06	0.656611	0.192317	0.115474	0.00078757	2.3996e-05	1.52348e-06	0.00455549	1.2246e-05	5.81247e-06	0.000472017	0.000107765	3.17653e-06	0.00320008	1.0861e-05	5.72803e-05	0.000558824	2.88211e-05	3.13186e-06	
0.0125308	3.42674e-09	2.60379e-09	2.37768e-07	3.56861e-08	1.35292e-09	0.000511975	3.98634e-09	5.95515e-08	7.06879e-07	1.1722e-08	1.05666e-09	0.000173047	4.21676e-09	4.71053e-09	3.31979e-07	8.54248e-08	1.8796e-09	5.94347e-05	4.90803e-09	5.44821e-08	4.59206e-07	2.18277e-08	2.14294e-09	8.86422e-05	4.94095e-09	3.98634e-09	3.6088e-07	3.95704e-08	8.59153e-10	2.03715e-06	0.0034006	0.0104002	0.229824	0.00340061	1.12249e-09	0.701233	9.02275e-09	4.2826e-09	0.005668	7.94009e-08	2.34045e-09	0.0322796	2.83462e-05	2.83804e-05	0.000368809	2.12352e-08	2.30753e-09	
0.00116561	7.6052e-07	5.77878e-07	5.27696e-05	7.92007e-06	3.00263e-07	0.000418791	8.84716e-07	1.32167e-05	0.000156883	2.60155e-06	2.34512e-07	0.0132483	9.35856e-07	1.04544e-06	7.36784e-05	1.89589e-05	4.17154e-07	0.00061215	1.08927e-06	1.20916e-05	0.000101915	4.84439e-06	4.75599e-07	0.000805071	1.09658e-06	8.84716e-07	8.00928e-05	8.78214e-06	1.90678e-07	0.000452119	1.53492e-06	0.106933	0.654217	0.0503184	0.00628956	0.13282	0.0125806	9.50467e-07	7.71851e-05	1.7622e-05	5.19433e-07	0.0131019	1.77601e-06	9.3666e-06	0.00638069	4.71289e-06	5.12127e-07	
0.00474335	9.27321e-08	7.04621e-08	6.43433e-06	9.65714e-07	3.66118e-08	5.10642e-05	1.07876e-07	1.61154e-06	1.91291e-05	3.17213e-07	2.85946e-08	8.16524e-05	1.14111e-07	1.27473e-07	8.98379e-06	2.31171e-06	5.08646e-08	7.4641e-05	1.32818e-07	1.47436e-06	1.24267e-05	5.90688e-07	5.7991e-08	9.81643e-05	1.33709e-07	1.07876e-07	9.76591e-06	1.07083e-06	2.32498e-08	5.5128e-05	1.87157e-07	1.77367e-06	0.0759359	0.0728532	0.00153377	0.670336	2.44168e-07	1.15893e-07	9.41137e-06	0.153376	6.33358e-08	0.0146344	2.16553e-07	0.00613611	1.11422e-05	5.74654e-07	6.2445e-08	
0.00747997	1.12801e-08	8.57114e-09	9.40663e-05	1.17471e-07	4.45353e-09	6.21154e-06	1.31222e-08	1.96031e-07	2.3269e-06	3.85864e-08	3.4783e-09	0.000103216	1.38807e-08	1.55061e-08	1.0928e-06	2.81201e-07	6.18726e-09	0.000102363	1.61562e-08	1.79344e-07	1.51161e-06	7.18524e-08	7.05413e-09	1.19409e-05	1.62646e-08	1.31222e-08	1.18794e-06	1.30258e-07	2.82815e-09	6.70587e-06	2.27661e-08	2.15752e-07	1.91015e-06	0.0168844	0.00093284	0.817082	0.000653015	1.40974e-08	0.0607288	0.000186829	7.70428e-09	0.0932913	0.000186594	1.38926e-07	0.00224016	6.99019e-08	7.59592e-09	
0.00511787	2.83191e-07	2.15182e-07	1.96496e-05	2.94916e-06	1.11807e-07	0.000155943	3.29438e-07	4.92143e-06	5.84176e-05	9.68726e-07	8.73241e-08	0.000249355	3.4848e-07	3.89286e-07	2.74353e-05	7.05965e-06	1.55334e-07	0.000227943	4.05608e-07	4.5025e-06	3.79495e-05	1.80388e-06	1.77097e-07	0.00029978	4.08329e-07	3.29438e-07	2.98238e-05	3.27017e-06	7.10018e-08	0.000168354	5.71551e-07	5.41654e-06	4.79551e-05	1.46111e-06	0.0444966	0.915968	0.00936843	3.53921e-07	0.0164222	0.0046904	1.93419e-07	0.000194853	6.61324e-07	3.4878e-06	3.40267e-05	0.00234368	1.90698e-07	
0.0056161	3.66432e-06	2.78432e-06	0.000254253	3.81604e-05	1.44672e-06	0.0323208	4.26272e-06	6.36804e-05	0.000755889	1.25347e-05	1.12992e-06	0.00322651	4.50912e-06	5.03712e-06	0.000354996	9.13476e-05	2.00992e-06	0.00294945	5.24832e-06	5.82596e-05	0.000491044	2.33411e-05	2.29152e-06	0.00387898	5.28352e-06	4.26272e-06	0.000385901	4.2314e-05	9.18721e-07	0.00217839	7.39553e-06	7.00868e-05	0.00062051	1.89059e-05	1.20032e-06	0.882377	0.0303127	0.0303076	0.000371892	8.4906e-05	2.50272e-06	0.00252128	8.55713e-06	4.513e-05	0.000440285	2.27075e-05	2.46752e-06	
0.210822	2.60581e-09	1.98002e-09	1.80807e-07	2.15765e-05	1.02881e-09	0.0029106	3.03135e-09	4.31441e-05	5.37536e-07	8.91383e-09	8.03521e-10	0.00187709	3.20657e-09	3.58205e-09	4.33513e-05	6.496e-08	1.42932e-09	0.000540832	3.73224e-09	4.14301e-08	3.49196e-07	2.1566e-05	1.62957e-09	0.00138192	3.75727e-09	3.03135e-09	2.74426e-07	3.00907e-08	6.5333e-10	0.000130846	5.25918e-09	2.15992e-05	4.41263e-07	1.34446e-08	8.53585e-10	0.000347343	0.00424524	0.00245664	0.136645	0.0238121	1.77976e-09	0.603148	6.46543e-05	0.00206877	0.00922346	0.000172411	1.75473e-09	
0.0237859	5.54691e-07	4.2148e-07	3.84879e-05	5.77657e-06	2.18999e-07	0.000305448	6.45275e-07	9.63969e-06	0.000114424	1.89746e-06	1.71043e-07	0.000488416	6.82574e-07	7.625e-07	0.00464089	1.38278e-05	3.04254e-07	0.000446476	7.94471e-07	8.81911e-06	7.43323e-05	3.53329e-06	3.46882e-07	0.000587185	7.998e-07	6.45275e-07	5.84163e-05	6.40532e-06	1.39072e-07	0.000329757	1.11951e-06	1.06095e-05	9.39304e-05	2.86191e-06	1.817e-07	0.000543315	1.46053e-06	0.0504594	0.724827	0.0779945	0.018349	0.0508404	0.0229371	6.8316e-06	0.0184153	3.43738e-06	0.00458753	
0.0172073	9.52147e-07	7.23485e-07	6.60658e-05	9.91568e-06	3.7592e-07	0.000524313	1.10764e-06	1.65469e-05	0.000196412	3.25706e-06	2.93602e-07	0.000838384	1.17166e-06	1.30886e-06	9.2243e-05	2.3736e-05	5.22263e-07	0.000766392	1.36374e-06	1.51383e-05	0.000127594	6.06502e-06	5.95435e-07	0.00100792	1.37288e-06	1.10764e-06	0.000100274	1.0995e-05	2.38723e-07	0.000566039	1.92167e-06	1.82115e-05	0.000161235	4.91257e-06	3.11894e-07	0.00093262	2.50705e-06	1.18996e-06	0.244191	0.669313	0.0472447	0.0164032	2.22351e-06	1.17267e-05	0.000114405	5.90038e-06	6.41167e-07	
0.0661029	1.61748e-08	1.22903e-08	0.000402406	1.68445e-07	6.38601e-09	0.000142668	1.88162e-08	2.81093e-07	3.33659e-06	5.53299e-08	4.98761e-09	1.42422e-05	1.99038e-08	2.22345e-08	0.00026909	4.0322e-07	8.87205e-09	1.30192e-05	2.31668e-08	2.57165e-07	2.16753e-06	1.03031e-07	1.01151e-08	1.71223e-05	2.33221e-08	1.88162e-08	1.70342e-06	1.86779e-07	4.05535e-09	9.6157e-06	3.26448e-08	3.09372e-07	2.73901e-06	8.34532e-08	5.29837e-09	0.000149604	4.25889e-08	2.02146e-08	1.64158e-06	0.0334407	0.00441414	0.851001	0.00147141	0.000133961	0.0424043	1.00234e-07	1.0892e-08	
0.230605	0.00119126	5.47246e-08	4.99724e-06	7.50025e-07	2.84347e-08	3.96592e-05	8.37819e-08	0.00178803	1.48567e-05	2.46365e-07	2.22081e-08	0.0012546	8.86248e-08	9.90024e-08	6.97729e-06	1.7954e-06	3.95041e-08	5.79701e-05	1.03153e-07	1.14507e-06	9.65125e-06	4.5876e-07	4.50388e-08	0.00186302	1.03845e-07	8.37819e-08	7.58472e-06	8.31662e-07	1.8057e-08	4.28153e-05	1.45356e-07	1.37752e-06	1.21958e-05	3.71588e-07	2.35918e-08	7.05436e-05	1.89634e-07	9.00085e-08	7.30937e-06	1.66879e-06	0.0101251	0.446148	0.000595761	0.298988	0.00596458	0.00119163	4.84981e-08	
0.00303822	1.98234e-06	1.50627e-06	0.000137547	2.06441e-05	7.82652e-07	0.0010916	2.30606e-06	3.445e-05	0.000408924	6.78108e-06	6.11269e-07	0.00174549	2.43936e-06	2.725e-06	0.000192047	4.94176e-05	1.08733e-06	0.0015956	2.83926e-06	3.15175e-05	0.000265647	1.26272e-05	1.23968e-06	0.00209846	2.8583e-06	2.30606e-06	0.000208766	2.28912e-05	4.97013e-07	0.00117847	4.00086e-06	3.79158e-05	0.000335686	1.02278e-05	6.49354e-07	0.00194168	5.21959e-06	2.47745e-06	0.000201187	4.59328e-05	1.35393e-06	0.706282	0.114759	0.114779	0.0494185	1.22844e-05	1.33489e-06	
0.744579	3.16593e-09	2.40562e-09	0.000811844	3.29701e-08	1.24995e-09	0.0261832	3.68294e-09	5.5019e-08	0.000236286	1.08298e-08	9.76238e-10	0.00479399	3.89583e-09	4.35201e-09	2.64881e-05	7.89232e-08	1.73655e-09	0.00173052	4.53449e-09	5.03355e-08	2.66057e-05	2.01665e-08	1.97985e-09	0.00149569	4.5649e-09	3.68294e-09	2.65149e-05	3.65587e-08	7.93763e-10	0.000473148	6.38964e-09	6.05541e-08	5.36113e-07	1.63345e-08	1.03706e-09	0.00034346	8.33603e-09	3.95665e-09	3.2131e-07	7.33577e-08	2.16232e-09	0.000473444	0.00411049	0.00840428	0.201231	0.00500067	5.2365e-05	
0.114357	0.00515526	4.73622e-07	4.32493e-05	6.49119e-06	2.46092e-07	0.000343236	7.25102e-07	1.08322e-05	0.000128579	2.1322e-06	1.92203e-07	0.000548839	7.67016e-07	8.5683e-07	6.03859e-05	1.55385e-05	3.41894e-07	0.00050171	8.92756e-07	9.91013e-06	8.35281e-05	3.9704e-06	3.89795e-07	0.000659826	8.98744e-07	7.25102e-07	6.5643e-05	7.19773e-06	1.56277e-07	0.000370551	1.258e-06	1.1922e-05	0.000105551	3.21596e-06	2.04178e-07	0.00061053	1.64121e-06	7.78991e-07	6.326e-05	1.44428e-05	4.25721e-07	0.000428877	1.45559e-06	0.0515541	0.762961	0.0618595	4.19733e-07	
0.811836	1.2796e-07	9.72303e-08	8.87869e-06	0.00105953	5.05204e-08	0.00112866	1.48857e-07	0.00211863	2.63961e-05	4.37721e-07	3.94576e-08	0.000112672	1.57461e-07	1.759e-07	1.23967e-05	3.18992e-06	7.01877e-08	0.0011612	1.83275e-07	2.03446e-06	1.71476e-05	8.15087e-07	8.00214e-08	0.00119366	1.84504e-07	1.48857e-07	1.34759e-05	1.47763e-06	3.20823e-08	7.60709e-05	2.58256e-07	2.44747e-06	2.16686e-05	6.60207e-07	4.1916e-08	0.00118354	3.36926e-07	1.5992e-07	1.29867e-05	2.96497e-06	8.73966e-08	8.80446e-05	2.9882e-07	1.57597e-06	0.0687984	0.110054	0.00105829	
0.953688	0.000114417	1.05117e-08	0.00537792	1.44067e-07	5.46182e-09	0.0100751	1.60931e-08	2.40413e-07	0.000689274	4.73225e-08	4.2658e-09	0.000813005	1.70233e-08	1.90167e-08	0.000230147	3.44866e-07	7.58808e-09	0.000354345	1.98141e-08	2.19948e-07	0.000345064	8.81201e-08	8.65121e-09	0.000357855	1.9947e-08	1.60931e-08	1.4569e-06	1.59748e-07	3.46846e-09	0.000122627	2.79204e-08	2.64599e-07	2.34262e-06	7.13758e-08	4.53159e-09	0.000471164	3.64254e-08	1.72891e-08	1.40401e-06	3.20547e-07	9.44856e-09	0.000123922	3.23058e-08	1.7038e-07	1.66222e-06	0.0236816	0.00354651	
0.966067	0.00190499	1.75015e-07	1.59816e-05	2.39865e-06	9.09368e-08	0.0020316	2.67943e-07	4.00277e-06	4.7513e-05	7.87897e-07	7.10236e-08	0.00210757	2.83431e-07	3.16619e-07	2.2314e-05	5.74185e-06	1.26338e-07	0.00209016	3.29895e-07	3.66203e-06	3.08656e-05	1.46716e-06	1.44039e-07	0.000243821	3.32107e-07	2.67943e-07	2.42567e-05	2.65973e-06	5.77482e-08	0.000136928	4.64862e-07	4.40545e-06	3.90035e-05	1.18837e-06	7.54488e-08	0.000225605	6.06466e-07	2.87856e-07	2.33761e-05	5.33695e-06	1.57314e-07	0.00015848	5.37877e-07	2.83674e-06	2.76751e-05	1.42733e-06	0.0247621	
0.942558	2.46781e-06	0.02041	0.000171232	2.56998e-05	0.0204091	0.00135893	2.87081e-06	4.28868e-05	0.000509068	8.44176e-06	7.60967e-07	0.00217295	3.03676e-06	3.39235e-06	0.000239079	6.15198e-05	1.35362e-06	0.00198636	3.53459e-06	3.9236e-05	0.000330703	1.57195e-05	1.54327e-06	0.00261237	3.55829e-06	2.87081e-06	0.000259893	2.84972e-05	6.1873e-07	0.00146708	4.98066e-06	4.72013e-05	0.000417894	1.27326e-05	8.08379e-07	0.0024172	6.49785e-06	3.08417e-06	0.000250458	5.71816e-05	1.68551e-06	0.001698	5.76296e-06	3.03936e-05	0.000296519	1.52928e-05	1.6618e-06	
### Chord Transition Prob
0.331487	0.668513	
0.818268	0.181732	
0.961298	0.0387016	
0.756428	0.243572	
0.800848	0.199152	
0.593824	0.406176	
0.592659	0.407341	
0.876331	0.123669	
0.699409	0.300591	
0.550787	0.449213	
0.865304	0.134696	
0.996979	0.00302115	
0.486635	0.513365	
0.91402	0.0859799	
0.902151	0.0978487	
0.714916	0.285084	
0.629791	0.370209	
0.843373	0.156627	
0.489333	0.510667	
0.792805	0.207195	
0.629793	0.370207	
0.644486	0.355514	
0.802292	0.197708	
0.877458	0.122542	
0.415404	0.584596	
0.866976	0.133024	
0.884521	0.115479	
0.652029	0.347971	
0.827861	0.172139	
0.95941	0.0405904	
0.570356	0.429644	
0.756782	0.243218	
0.654586	0.345414	
0.608189	0.391811	
0.793533	0.206467	
0.940171	0.0598291	
0.455491	0.544509	
0.792439	0.207561	
0.968726	0.0312738	
0.707814	0.292186	
0.695786	0.304214	
0.846047	0.153953	
0.533822	0.466178	
0.794756	0.205244	
0.738801	0.261199	
0.700058	0.299942	
0.813827	0.186173	
0.68917	0.31083	
