#TPQN: 12
#nBeat: 36
### Unigram Prob
0.212869	0.00193776	0.00206035	0.0196808	0.00674335	0.00129211	0.0696491	0.00226467	0.00531312	0.0235139	0.00393192	0.00115318	0.139747	0.00263245	0.00250168	0.0215197	0.00701305	0.00152095	0.109369	0.00238726	0.00588521	0.0224923	0.00445497	0.00107962	0.147617	0.0024363	0.00275504	0.0239797	0.00707843	0.00175796	0.100583	0.00319637	0.00592607	0.0278536	0.0048963	0.000907994	
### Init Prob
0.927249	0.00132275	0.00132275	0.00132275	0.00132275	0.00132275	0.0145503	0.00132275	0.00132275	0.00132275	0.00132275	0.00132275	0.00132275	0.00132275	0.00132275	0.00132275	0.00132275	0.00132275	0.0145503	0.00132275	0.00132275	0.00132275	0.00132275	0.00132275	0.00132275	0.00132275	0.00132275	0.00132275	0.00132275	0.00132275	0.00132275	0.00132275	0.00132275	0.00132275	0.00132275	0.00132275	
### Transition Prob
0.0236531	0.0182695	0.0194729	0.188165	0.0413529	1.41354e-07	0.342202	0.000328439	5.8124e-07	0.0178343	0.000438019	1.26154e-07	0.260599	2.87982e-07	0.000109671	0.00142452	7.67208e-07	1.66388e-07	0.0426769	2.6116e-07	6.43825e-07	0.00153402	4.87362e-07	1.18108e-07	0.0389616	2.66525e-07	3.01394e-07	2.62331e-06	7.74361e-07	1.92316e-07	0.00296473	3.49674e-07	6.48296e-07	3.04711e-06	5.35642e-07	9.93321e-08	
0.00123045	1.12009e-05	0.289029	0.659073	3.89789e-05	7.46887e-06	0.0466454	1.30906e-05	3.07116e-05	0.000135918	2.27278e-05	6.66576e-06	0.000807786	1.52165e-05	1.44606e-05	0.000124391	4.05379e-05	8.79163e-06	0.000632189	1.37992e-05	3.40185e-05	0.000130013	2.57513e-05	6.24059e-06	0.000853279	1.40827e-05	1.59251e-05	0.000138611	4.09158e-05	1.01616e-05	0.000581405	1.84761e-05	3.42548e-05	0.000161003	2.83023e-05	5.24852e-06	
0.000929558	8.46185e-06	8.99718e-06	0.545937	0.406143	0.0436738	0.000304145	9.8894e-06	2.32014e-05	0.000102681	1.71699e-05	5.03571e-06	0.000610249	1.14954e-05	1.09244e-05	9.39725e-05	3.06247e-05	6.64171e-06	0.000477593	1.04247e-05	2.56996e-05	9.82195e-05	1.9454e-05	4.71451e-06	0.000644617	1.06389e-05	1.20307e-05	0.000104715	3.09102e-05	7.67669e-06	0.000439227	1.39579e-05	2.5878e-05	0.000121631	2.13812e-05	3.96504e-06	
0.000108551	9.8815e-07	1.05067e-06	1.00361e-05	0.0907735	0.0392663	0.86643	1.15486e-06	2.70939e-06	0.00154182	2.00506e-06	5.88056e-07	7.12631e-05	1.3424e-06	1.27572e-06	1.09738e-05	3.57626e-06	7.756e-07	0.000565716	1.21737e-06	3.00113e-06	1.14698e-05	2.27179e-06	5.50547e-07	0.00109516	1.24238e-06	1.40492e-06	1.22283e-05	3.6096e-06	8.96462e-07	5.12917e-05	1.62997e-06	3.02196e-06	1.42038e-05	2.49684e-06	4.63026e-07	
0.00032749	2.98117e-06	3.16978e-06	3.02782e-05	1.03744e-05	0.0830789	0.427799	0.00461887	0.480008	0.00157464	6.0491e-06	1.77412e-06	0.000214995	4.04992e-06	3.84874e-06	3.31072e-05	1.07893e-05	2.33993e-06	0.00016826	0.00154213	9.05417e-06	3.46035e-05	6.85381e-06	1.66096e-06	0.000227104	3.74816e-06	4.23852e-06	3.68919e-05	1.08899e-05	2.70456e-06	0.000154743	4.91749e-06	9.11703e-06	4.28517e-05	7.53278e-06	1.39691e-06	
0.00149908	1.36462e-05	1.45095e-05	0.000138597	4.74884e-05	9.0994e-06	0.972321	0.0070582	0.0141219	0.000165591	2.76896e-05	8.12097e-06	0.000984133	1.85384e-05	1.76175e-05	0.000151547	4.93877e-05	1.07109e-05	0.000770203	1.68117e-05	4.14451e-05	0.000158396	3.13731e-05	7.60297e-06	0.00103956	1.71571e-05	1.94017e-05	0.000168871	4.98481e-05	1.238e-05	0.000708331	2.25096e-05	4.17329e-05	0.000196152	3.4481e-05	6.39433e-06	
4.03466e-05	3.67279e-07	3.90514e-07	3.73026e-06	1.27812e-06	2.44904e-07	1.32011e-05	0.0373393	0.0318433	0.342499	0.00454965	2.1857e-07	0.577547	0.000190036	4.74163e-07	0.00152038	1.32924e-06	2.88277e-07	0.00381148	4.52476e-07	1.11547e-06	0.000572876	8.44385e-07	2.04629e-07	2.7979e-05	4.61771e-07	5.22183e-07	4.54506e-06	1.34163e-06	3.332e-07	1.90643e-05	6.05832e-07	1.12321e-06	5.2793e-06	9.28033e-07	1.72099e-07	
0.00103838	9.4525e-06	1.00505e-05	9.60041e-05	3.28944e-05	6.303e-06	0.000339752	1.10472e-05	0.234172	0.683042	0.0487997	0.00488367	0.0201939	1.28412e-05	1.22033e-05	0.000104974	3.421e-05	7.41928e-06	0.000533506	1.16452e-05	2.87083e-05	0.00498777	2.17316e-05	5.26645e-06	0.000720084	1.18844e-05	1.34392e-05	0.000116974	3.45289e-05	8.57542e-06	0.000490649	1.5592e-05	2.89077e-05	0.000135871	2.38844e-05	4.42924e-06	
0.000401639	3.65616e-06	3.88746e-06	3.71337e-05	1.27233e-05	2.43795e-06	0.000131413	4.27297e-06	1.00247e-05	0.234007	0.169819	0.00566255	0.588943	4.96688e-06	4.72016e-06	4.06032e-05	1.32322e-05	2.86972e-06	0.000206356	4.50427e-06	1.11042e-05	4.24382e-05	8.40561e-06	2.03702e-06	0.000278523	4.5968e-06	5.19819e-06	4.52447e-05	1.33555e-05	3.31691e-06	0.000189779	6.03088e-06	1.11813e-05	5.2554e-05	9.23831e-06	1.7132e-06	
0.000541701	8.65459e-07	9.20212e-07	8.79001e-06	3.01177e-06	5.77094e-07	3.11072e-05	1.01147e-06	2.37299e-06	1.05019e-05	0.111659	0.0308178	0.855355	0.000447804	1.11732e-06	0.000456239	3.13222e-06	6.793e-07	0.000495475	1.06622e-06	2.6285e-06	1.00457e-05	1.98972e-06	4.8219e-07	6.593e-05	1.08812e-06	1.23048e-06	1.071e-05	3.16143e-06	7.85155e-07	4.49232e-05	1.42759e-06	2.64675e-06	1.24402e-05	2.18683e-06	4.05536e-07	
0.000561659	5.11283e-06	5.43629e-06	5.19283e-05	1.77925e-05	3.40927e-06	0.000183771	5.97539e-06	1.40188e-05	6.20419e-05	1.03745e-05	0.137206	0.852611	0.00792251	6.60075e-06	5.67802e-05	1.85041e-05	4.01307e-06	0.000288572	6.29885e-06	1.55283e-05	5.93464e-05	1.17546e-05	2.84861e-06	0.000389492	6.42824e-06	7.26923e-06	6.3271e-05	1.86766e-05	4.63842e-06	0.000265391	8.43369e-06	1.56361e-05	7.34924e-05	1.2919e-05	2.39576e-06	
0.00168943	1.53791e-05	1.6352e-05	0.000156197	5.35186e-05	1.02549e-05	0.000552771	1.79736e-05	4.21676e-05	0.000186618	3.12057e-05	9.1522e-06	0.961427	0.0317669	1.98546e-05	0.000170791	5.56591e-05	1.2071e-05	0.000868006	1.89465e-05	4.6708e-05	0.00017851	3.53569e-05	8.56843e-06	0.00117157	1.93357e-05	2.18654e-05	0.000190315	5.6178e-05	1.39521e-05	0.000798278	2.5368e-05	4.70323e-05	0.00022106	3.88596e-05	7.2063e-06	
0.0155243	2.38347e-07	2.53426e-07	2.42077e-06	8.2944e-07	1.58932e-07	0.000500572	2.78558e-07	6.5352e-07	2.89223e-06	4.83631e-07	1.41842e-07	0.000509194	0.0280446	0.0260766	0.213902	0.0436663	1.87079e-07	0.445893	0.000492299	7.23888e-07	0.00799785	0.000615554	1.32795e-07	0.208382	2.99668e-07	3.38873e-07	0.000248952	8.70656e-07	2.16231e-07	0.00788445	3.93157e-07	7.28914e-07	0.000249428	6.02251e-07	1.11684e-07	
0.000894406	8.14186e-06	8.65695e-06	8.26926e-05	2.83334e-05	5.42905e-06	0.000292643	9.51543e-06	2.2324e-05	9.87977e-05	1.65207e-05	4.84528e-06	0.000587172	1.10607e-05	0.235305	0.567317	0.00843283	6.39055e-06	0.185333	1.00305e-05	2.47278e-05	9.45053e-05	1.87184e-05	4.53623e-06	0.000620241	1.02366e-05	1.15758e-05	0.000100755	2.97413e-05	7.38639e-06	0.000422618	1.34301e-05	2.48995e-05	0.000117032	2.05727e-05	3.8151e-06	
0.000788402	7.1769e-06	7.63094e-06	7.2892e-05	2.49754e-05	4.78561e-06	0.00025796	8.38768e-06	1.96782e-05	8.70884e-05	1.45627e-05	4.27103e-06	0.000517581	9.74981e-06	9.26549e-06	0.544524	0.385211	0.0629686	0.00410877	8.84172e-06	2.17971e-05	8.33047e-05	1.64999e-05	3.9986e-06	0.000546731	9.02334e-06	1.02038e-05	8.88137e-05	2.62164e-05	6.51097e-06	0.00037253	1.18384e-05	2.19484e-05	0.000103161	1.81345e-05	3.36294e-06	
0.000104143	9.48025e-07	1.008e-06	9.62859e-06	3.29909e-06	6.3215e-07	3.40749e-05	1.10796e-06	2.59937e-06	1.15038e-05	1.92364e-06	5.64177e-07	6.83693e-05	1.28789e-06	1.22392e-06	1.05282e-05	0.0988293	0.0474567	0.84839	1.16794e-06	2.87926e-06	1.1004e-05	2.17954e-06	5.28191e-07	0.00496459	1.19193e-06	1.34787e-06	1.17318e-05	3.46303e-06	8.6006e-07	4.92089e-05	1.56378e-06	2.89925e-06	1.3627e-05	2.39545e-06	4.44224e-07	
0.000320585	2.91832e-06	3.10294e-06	2.96398e-05	1.01556e-05	1.94596e-06	0.000104893	3.41065e-06	8.00168e-06	3.54124e-05	5.92156e-06	1.73671e-06	0.000210462	3.96453e-06	3.7676e-06	3.24092e-05	1.05618e-05	0.0858457	0.4339	0.00301564	0.474406	0.0015399	6.7093e-06	1.62594e-06	0.000222315	3.66913e-06	4.14916e-06	3.6114e-05	1.06603e-05	2.64753e-06	0.00015148	4.81381e-06	8.92481e-06	4.19482e-05	7.37395e-06	1.36746e-06	
0.00123761	1.12661e-05	1.19788e-05	0.000114423	3.92055e-05	7.51229e-06	0.000404937	1.31667e-05	3.08902e-05	0.000136709	2.286e-05	6.70452e-06	0.000812482	1.53049e-05	1.45447e-05	0.000125115	4.07735e-05	8.84274e-06	0.94831	0.0407116	0.00584817	0.000130769	2.5901e-05	6.27687e-06	0.00085824	1.41645e-05	1.60177e-05	0.000139417	4.11537e-05	1.02207e-05	0.000584785	1.85835e-05	3.44539e-05	0.00016194	2.84669e-05	5.27904e-06	
0.0260391	3.09152e-07	3.2871e-07	3.13989e-06	1.07584e-06	2.06145e-07	0.000330193	3.61307e-07	8.47657e-07	3.75141e-06	6.273e-07	1.83979e-07	2.22953e-05	4.19982e-07	3.9912e-07	3.43327e-06	1.11887e-06	2.42653e-07	1.74488e-05	0.0317489	0.0362166	0.284305	0.00957314	1.72244e-07	0.535601	3.88689e-07	4.3954e-07	0.00574728	1.1293e-06	2.80466e-07	0.0700543	0.00016005	9.45449e-07	0.000163984	7.81159e-07	1.44862e-07	
0.000994713	9.05497e-06	9.62782e-06	9.19665e-05	3.1511e-05	6.03792e-06	0.000325463	1.05826e-05	2.48276e-05	0.000109878	1.83734e-05	5.38868e-06	0.000653023	1.23012e-05	1.16901e-05	0.000100559	3.27713e-05	7.10725e-06	0.000511069	1.11554e-05	0.26171	0.6216	0.084133	5.04496e-06	0.0287272	1.13846e-05	1.2874e-05	0.000112055	3.30768e-05	8.21478e-06	0.000470014	1.49363e-05	2.76919e-05	0.000130157	2.28799e-05	4.24296e-06	
0.000354781	3.2296e-06	3.43392e-06	3.28014e-05	1.12389e-05	2.15352e-06	0.000116082	3.77446e-06	8.85519e-06	3.91898e-05	6.5532e-06	1.92196e-06	0.000232912	4.38741e-06	4.16947e-06	3.58662e-05	1.16884e-05	2.53492e-06	0.000182281	3.97877e-06	9.80868e-06	0.253371	0.191674	1.79937e-06	0.551913	4.0605e-06	4.59173e-06	3.99662e-05	0.00167846	2.92994e-06	0.000167638	5.32728e-06	9.87679e-06	4.64227e-05	8.16051e-06	1.51332e-06	
0.00149297	9.00447e-07	9.57414e-07	9.14537e-06	3.13353e-06	6.00425e-07	3.23648e-05	1.05236e-06	2.46892e-06	1.09265e-05	1.8271e-06	5.35863e-07	6.49382e-05	1.22326e-06	1.16249e-06	9.99986e-06	3.25885e-06	7.06762e-07	5.08219e-05	1.10932e-06	2.73476e-06	1.04518e-05	0.110132	0.0339224	0.853228	1.13211e-06	1.28022e-06	0.000940511	3.28923e-06	8.16897e-07	4.67393e-05	1.4853e-06	2.75375e-06	1.29431e-05	2.27523e-06	4.2193e-07	
0.000488231	0.0045916	4.72558e-06	4.51395e-05	1.54664e-05	2.96356e-06	0.000159746	5.19421e-06	1.2186e-05	5.39309e-05	9.01816e-06	2.6449e-06	0.000320521	6.03772e-06	5.73781e-06	4.93571e-05	1.6085e-05	3.48842e-06	0.000250846	5.47538e-06	1.34982e-05	5.15878e-05	1.02178e-05	0.107801	0.869605	0.00459274	6.3189e-06	0.0115229	1.62349e-05	4.03202e-06	0.000230695	7.33112e-06	1.35919e-05	6.38844e-05	1.12301e-05	2.08256e-06	
0.00175925	1.60146e-05	1.70277e-05	0.000162652	5.57302e-05	1.06786e-05	0.000575613	1.87163e-05	4.391e-05	0.000194329	3.24952e-05	9.53039e-06	0.00115493	2.17558e-05	2.06751e-05	0.000177849	5.79591e-05	1.25698e-05	0.000903874	1.97295e-05	4.86381e-05	0.000185887	3.6818e-05	8.9225e-06	0.959898	0.0165491	0.0165517	0.000198179	5.84994e-05	1.45286e-05	0.000831265	2.64163e-05	4.89758e-05	0.000230195	4.04653e-05	7.50408e-06	
0.239358	2.39674e-07	2.54837e-07	2.43424e-06	8.34057e-07	1.59816e-07	8.61461e-06	2.80108e-07	6.57157e-07	2.90833e-06	4.86323e-07	1.42632e-07	0.00137783	3.25597e-07	3.09423e-07	2.66168e-06	8.67415e-07	1.8812e-07	1.35274e-05	2.95271e-07	7.27917e-07	2.78198e-06	5.51017e-07	1.33534e-07	0.00113143	0.0265928	0.0269639	0.23179	0.0405698	0.000247589	0.408794	3.95346e-07	7.32971e-07	0.0221432	0.000990092	1.12306e-07	
0.000967585	8.80801e-06	9.36525e-06	8.94584e-05	3.06516e-05	5.87325e-06	0.000316587	1.0294e-05	2.41505e-05	0.000106881	1.78724e-05	5.24171e-06	0.000635213	1.19657e-05	1.13713e-05	9.78169e-05	3.18775e-05	6.91342e-06	0.000497131	1.08512e-05	2.67509e-05	0.000102238	2.02499e-05	4.90737e-06	0.000670988	1.10741e-05	0.350013	0.604654	0.00912308	0.00455345	0.0277299	1.45289e-05	2.69367e-05	0.000126607	2.22559e-05	4.12725e-06	
0.000714324	6.50256e-06	6.91394e-06	6.60431e-05	2.26287e-05	4.33595e-06	0.000233722	7.59958e-06	1.78292e-05	7.89056e-05	1.31944e-05	3.86972e-06	0.000468949	8.83372e-06	8.39491e-06	7.22138e-05	2.35337e-05	5.10386e-06	0.000367009	8.01096e-06	1.9749e-05	7.54774e-05	1.49496e-05	3.62289e-06	0.00049536	8.17551e-06	9.2451e-06	0.496725	0.365796	0.134234	0.000337527	1.07261e-05	1.98861e-05	9.34685e-05	1.64306e-05	3.04696e-06	
0.00554878	8.80401e-07	9.36099e-07	8.94177e-06	3.06377e-06	5.87058e-07	3.16443e-05	1.02893e-06	2.41396e-06	1.06833e-05	1.78642e-06	5.23933e-07	6.34925e-05	1.19602e-06	1.13661e-06	9.77724e-06	3.1863e-06	6.91028e-07	4.96905e-05	1.08463e-06	2.67388e-06	1.02191e-05	2.02407e-06	4.90514e-07	6.70683e-05	1.10691e-06	1.25172e-06	1.08949e-05	0.102684	0.0322589	0.858292	0.000455791	2.69245e-06	0.000466994	2.22458e-06	4.12537e-07	
0.000319143	2.90519e-06	3.08899e-06	2.95065e-05	1.011e-05	1.9372e-06	0.000104421	3.39531e-06	7.96569e-06	3.52532e-05	5.89493e-06	1.7289e-06	0.000209516	3.9467e-06	3.75065e-06	3.22634e-05	1.05143e-05	2.28029e-06	0.000163971	3.57911e-06	8.8234e-06	3.37215e-05	6.67912e-06	1.61862e-06	0.000221315	3.65263e-06	4.13049e-06	3.59516e-05	1.06123e-05	0.118443	0.416942	0.00300329	0.458779	0.00154101	7.34079e-06	1.36131e-06	
0.00109726	9.98847e-06	1.06204e-05	0.000101448	3.47595e-05	6.66038e-06	0.000359016	1.16736e-05	2.73872e-05	0.000121205	2.02676e-05	5.94421e-06	0.000720345	1.35693e-05	1.28953e-05	0.000110926	3.61497e-05	7.83996e-06	0.000563757	1.23055e-05	3.03361e-05	0.00011594	2.29638e-05	5.56506e-06	0.000760914	1.25583e-05	1.42012e-05	0.000123607	3.64868e-05	9.06166e-06	0.83557	0.15981	3.05468e-05	0.000143575	2.52387e-05	4.68038e-06	
0.596921	0.000162468	3.34093e-07	0.000165345	1.09346e-06	2.09521e-07	0.00179498	3.67224e-07	8.6154e-07	3.81285e-06	6.37574e-07	1.86992e-07	0.00294142	4.2686e-07	4.05656e-07	3.48949e-06	1.13719e-06	2.46627e-07	0.000666348	3.87103e-07	9.54307e-07	3.6472e-06	7.22389e-07	1.75064e-07	2.39366e-05	3.95055e-07	4.46739e-07	3.88839e-06	1.14779e-06	2.85059e-07	0.000340617	0.0450792	0.0312966	0.317501	0.00308171	1.47234e-07	
0.163098	6.17122e-06	6.56164e-06	6.26778e-05	2.14756e-05	4.11501e-06	0.000221813	7.21234e-06	1.69207e-05	7.48849e-05	1.2522e-05	3.67254e-06	0.000445054	8.38359e-06	7.96715e-06	6.85341e-05	2.23346e-05	4.8438e-06	0.000348308	7.60275e-06	1.87427e-05	7.16314e-05	1.41878e-05	3.43829e-06	0.000470119	7.75892e-06	8.77401e-06	7.63685e-05	2.25428e-05	5.5986e-06	0.000320328	1.01795e-05	0.219764	0.477796	0.133774	0.00318761	
0.540868	3.41155e-06	3.62738e-06	3.46494e-05	1.18721e-05	2.27485e-06	0.000122622	3.9871e-06	9.35408e-06	4.13976e-05	6.92239e-06	2.03024e-06	0.000246033	4.63459e-06	4.40437e-06	3.78868e-05	1.23469e-05	2.67773e-06	0.000192551	4.20293e-06	1.03613e-05	3.95991e-05	7.84327e-06	1.90074e-06	0.00025989	4.28926e-06	4.85042e-06	4.22178e-05	1.2462e-05	3.095e-06	0.000177083	5.62741e-06	1.04332e-05	0.276457	0.181347	1.59858e-06	
0.862439	7.9384e-07	8.44062e-07	8.06261e-06	2.76254e-06	5.29338e-07	0.00248654	9.27765e-07	2.17661e-06	9.63288e-06	1.61078e-06	4.7242e-07	5.72499e-05	1.07843e-06	1.02486e-06	8.81594e-06	2.87302e-06	6.23085e-07	4.48049e-05	9.77986e-07	2.41098e-06	9.21437e-06	1.82506e-06	4.42287e-07	6.04741e-05	9.98075e-07	1.12865e-06	9.82372e-06	2.89981e-06	7.20181e-07	4.12057e-05	1.30945e-06	2.42772e-06	1.14107e-05	0.11389	0.0208934	
0.893806	0.00222653	4.57856e-06	4.37352e-05	1.49852e-05	2.87137e-06	0.000154776	5.03261e-06	1.18069e-05	5.2253e-05	8.73759e-06	2.56262e-06	0.000310549	5.84988e-06	5.5593e-06	4.78216e-05	1.55846e-05	3.37989e-06	0.000243042	5.30503e-06	1.30782e-05	4.99828e-05	9.89994e-06	2.39916e-06	0.000328038	5.414e-06	6.12231e-06	5.32882e-05	1.57298e-05	3.90658e-06	0.000223518	7.10304e-06	1.3169e-05	6.18969e-05	1.08807e-05	0.102224	
0.981764	0.0102239	2.1024e-05	0.000200825	6.88097e-05	1.31848e-05	0.000710705	2.31089e-05	5.42155e-05	0.000239937	4.01216e-05	1.17671e-05	0.00142599	2.68617e-05	2.55274e-05	0.000219589	7.15617e-05	1.55199e-05	0.00111601	2.43598e-05	6.00531e-05	0.000229513	4.54589e-05	1.10166e-05	0.0015063	2.48602e-05	2.81126e-05	0.000244691	7.22289e-05	1.79384e-05	0.00102636	3.2616e-05	6.04701e-05	0.00028422	4.99623e-05	9.26525e-06	
### Chord Transition Prob
0.351319	0.648681	
0.726585	0.273415	
0.904781	0.0952193	
0.813997	0.186003	
0.78683	0.21317	
0.89252	0.10748	
0.619024	0.380976	
0.737145	0.262855	
0.815259	0.184741	
0.777944	0.222056	
0.786144	0.213856	
0.8867	0.1133	
0.475658	0.524342	
0.736614	0.263386	
0.879192	0.120808	
0.775977	0.224023	
0.772902	0.227098	
0.919294	0.0807055	
0.468527	0.531473	
0.730126	0.269874	
0.832062	0.167938	
0.781664	0.218336	
0.798389	0.201611	
0.909091	0.0909091	
0.447895	0.552105	
0.73554	0.26446	
0.881396	0.118604	
0.749889	0.250111	
0.769231	0.230769	
0.897733	0.102267	
0.501297	0.498703	
0.800816	0.199184	
0.78334	0.21666	
0.71792	0.28208	
0.751127	0.248873	
0.882088	0.117912	
