#TPQN: 12
#nBeat: 48
### Unigram Prob
0.155731	0.00107946	0.000754166	0.0158546	0.00752539	0.000531597	0.0517567	0.00140475	0.0061643	0.0210935	0.00238063	0.000805528	0.112518	0.00104522	0.000839769	0.0169674	0.0081075	0.000771287	0.0643575	0.00143899	0.00659232	0.0242009	0.00283433	0.000771287	0.130015	0.000874011	0.00060864	0.0168219	0.00768804	0.000480235	0.0543248	0.00122498	0.00654096	0.021864	0.00192693	0.000831209	0.120325	0.000899692	0.00100242	0.0169589	0.0081075	0.000574399	0.0670112	0.00130203	0.00650671	0.0252967	0.00253472	0.000754166	
### Init Prob
0.895985	0.00182482	0.00182482	0.00182482	0.00182482	0.00182482	0.020073	0.00182482	0.00182482	0.00182482	0.00182482	0.00182482	0.00182482	0.00182482	0.00182482	0.00182482	0.00182482	0.00182482	0.00182482	0.00182482	0.00182482	0.00182482	0.00182482	0.00182482	0.00182482	0.00182482	0.00182482	0.00182482	0.00182482	0.00182482	0.00182482	0.00182482	0.00182482	0.00182482	0.00182482	0.00182482	0.00182482	0.00182482	0.00182482	0.00182482	0.00182482	0.00182482	0.00182482	0.00182482	0.00182482	0.00182482	0.00182482	0.00182482	
### Transition Prob
0.0108846	0.0116056	0.00610039	0.229581	0.095225	7.90949e-08	0.35189	0.000446571	0.00312545	0.0196431	0.000149142	0.00133921	0.20579	0.000148943	1.24947e-07	0.000300099	0.000447568	0.000595264	0.0236668	2.14104e-07	9.80854e-07	0.00104511	4.21712e-07	1.14758e-07	0.0269499	1.30042e-07	9.0558e-08	2.50289e-06	1.14388e-06	7.14529e-08	0.00283504	1.82262e-07	9.73212e-07	3.25308e-06	2.86703e-07	1.23673e-07	0.00656455	1.33863e-07	1.49147e-07	2.52327e-06	1.20629e-06	8.54633e-08	0.00164663	1.93725e-07	9.68117e-07	3.76382e-06	3.77134e-07	1.1221e-07	
0.00197127	1.3664e-05	0.291149	0.671087	9.52582e-05	6.72908e-06	0.0259716	1.77817e-05	7.80291e-05	0.000267007	3.01346e-05	1.01966e-05	0.00142428	1.32306e-05	1.063e-05	0.000214778	0.000102627	9.76312e-06	0.000814652	1.82151e-05	8.34471e-05	0.000306341	3.58776e-05	9.76312e-06	0.00164576	1.10634e-05	7.70431e-06	0.000212936	9.7317e-05	6.07892e-06	0.000687655	1.55061e-05	8.27969e-05	0.000276759	2.43915e-05	1.05216e-05	0.0015231	1.13885e-05	1.26888e-05	0.000214669	0.000102627	7.27087e-06	0.000848243	1.64814e-05	8.23635e-05	0.000320211	3.2085e-05	9.5464e-06	
0.00239585	1.66071e-05	1.16026e-05	0.477167	0.430885	0.0769313	0.000796256	2.16116e-05	9.48354e-05	0.000324516	3.66251e-05	1.23927e-05	0.00173105	1.60803e-05	1.29195e-05	0.000261038	0.000124731	1.18659e-05	0.000990115	2.21384e-05	0.00010142	0.000372322	4.36051e-05	1.18659e-05	0.00200024	1.34463e-05	9.36369e-06	0.000258799	0.000118278	7.38823e-06	0.000835766	1.88459e-05	0.00010063	0.000336369	2.96451e-05	1.27878e-05	0.00185115	1.38414e-05	1.54218e-05	0.000260906	0.000124731	8.8369e-06	0.00103094	2.00312e-05	0.000100103	0.000389179	3.89956e-05	1.16026e-05	
9.56576e-05	6.63058e-07	4.63247e-07	9.7387e-06	0.0534444	0.00982834	0.93615	8.6287e-07	3.78643e-06	1.29567e-05	1.4623e-06	4.94796e-07	6.91142e-05	6.42025e-07	5.15829e-07	1.04223e-05	4.98004e-06	4.73763e-07	3.95316e-05	8.83902e-07	4.04933e-06	1.48654e-05	1.74099e-06	4.73763e-07	7.9862e-05	5.36862e-07	3.73858e-07	1.03329e-05	4.72238e-06	2.94985e-07	3.3369e-05	7.52448e-07	4.01779e-06	1.343e-05	1.18362e-06	5.10571e-07	7.39097e-05	5.52636e-07	6.15734e-07	1.0417e-05	4.98004e-06	3.52825e-07	4.11617e-05	7.99771e-07	3.99675e-06	1.55385e-05	1.55695e-06	4.63247e-07	
0.000205449	1.42409e-06	9.94942e-07	2.09164e-05	9.92796e-06	0.0422171	0.141229	1.85323e-06	0.722963	0.0923761	3.14067e-06	1.0627e-06	0.000148441	1.37891e-06	1.10788e-06	2.23845e-05	1.06959e-05	1.01753e-06	8.49043e-05	1.89841e-06	8.69699e-06	3.19274e-05	3.73922e-06	1.01753e-06	0.000171524	1.15305e-06	8.02955e-07	2.21925e-05	1.01425e-05	6.33555e-07	7.16686e-05	1.61607e-06	8.62923e-06	2.88443e-05	2.54213e-06	1.09658e-06	0.00015874	1.18693e-06	1.32245e-06	2.23732e-05	1.06959e-05	7.57782e-07	8.84053e-05	1.71771e-06	8.58406e-06	3.33729e-05	3.34395e-06	9.94942e-07	
0.0028839	1.999e-05	1.3966e-05	0.000293604	0.000139359	9.84439e-06	0.834292	0.0741001	0.0741882	0.000390621	4.40857e-05	1.49172e-05	0.00208367	1.93559e-05	1.55513e-05	0.000314212	0.000150139	1.42831e-05	0.00119181	2.6648e-05	0.00012208	0.000448165	5.24876e-05	1.42831e-05	0.00240769	1.61854e-05	1.12711e-05	0.000311517	0.000142371	8.89324e-06	0.00100601	2.26849e-05	0.000121129	0.000404888	3.56839e-05	1.53928e-05	0.00222824	1.6661e-05	1.85633e-05	0.000314053	0.000150139	1.0637e-05	0.00124095	2.41116e-05	0.000120495	0.000468457	4.69392e-05	1.3966e-05	
0.000532279	2.66533e-07	1.86214e-07	3.91472e-06	1.85812e-06	1.31259e-07	1.27794e-05	0.0274078	0.0175324	0.407166	0.000247501	1.98896e-07	0.538793	2.58078e-07	2.0735e-07	0.000498017	2.00185e-06	1.90441e-07	0.00520108	3.55307e-07	1.62773e-06	5.97554e-06	6.99834e-07	1.90441e-07	0.000279016	2.15805e-07	1.50282e-07	4.15356e-06	1.89828e-06	1.18577e-07	1.34135e-05	3.02465e-07	1.61505e-06	5.39851e-06	4.75786e-07	2.05237e-07	2.97099e-05	2.22146e-07	2.4751e-07	4.18738e-06	2.00185e-06	1.41827e-07	0.00223877	3.21488e-07	1.6066e-06	6.24609e-06	6.25856e-07	1.86214e-07	
0.00130866	9.07108e-06	6.33753e-06	0.000133232	6.32386e-05	4.4672e-06	0.00043493	1.18046e-05	0.302573	0.647236	0.0420368	6.76914e-06	0.000945529	8.78334e-06	7.05688e-06	0.000142584	6.81302e-05	6.4814e-06	0.000540819	1.20924e-05	5.53976e-05	0.000203369	2.38179e-05	6.4814e-06	0.00109257	7.34463e-06	5.11462e-06	0.000141361	6.46054e-05	4.03559e-06	0.000456511	1.0294e-05	5.4966e-05	0.000183731	1.61927e-05	6.98495e-06	0.00101113	7.56043e-06	8.42366e-06	0.000142512	6.81302e-05	4.82688e-06	0.000563119	1.09414e-05	5.46783e-05	0.000212577	2.13001e-05	6.33753e-06	
0.000228679	1.58511e-06	1.10744e-06	2.32814e-05	1.10505e-05	7.80612e-07	7.6001e-05	2.06278e-06	9.05184e-06	0.0661103	0.0631459	1.18286e-06	0.841575	1.53483e-06	1.23314e-06	2.49155e-05	0.0279121	1.13258e-06	9.45044e-05	2.11306e-06	9.68035e-06	3.55373e-05	4.16201e-06	1.13258e-06	0.000190918	1.28342e-06	8.93745e-07	2.47018e-05	1.12893e-05	7.05191e-07	7.97721e-05	1.7988e-06	9.60493e-06	3.21057e-05	2.82956e-06	1.22057e-06	0.000176689	1.32113e-06	1.47198e-06	2.49029e-05	1.19053e-05	8.43464e-07	9.84012e-05	1.91193e-06	9.55465e-06	3.71463e-05	3.72205e-06	1.10744e-06	
7.88509e-05	5.46561e-07	3.81856e-07	8.02765e-06	3.81033e-06	2.69163e-07	2.62059e-05	7.11267e-07	3.12116e-06	1.06803e-05	0.0693683	0.00405104	0.926133	5.29224e-07	4.252e-07	8.59111e-06	4.10506e-06	3.90525e-07	3.25861e-05	7.28604e-07	3.33788e-06	1.22536e-05	1.4351e-06	3.90525e-07	6.58305e-05	4.42537e-07	3.08172e-07	8.51743e-06	3.89268e-06	2.43157e-07	2.75062e-05	6.20245e-07	3.31188e-06	1.10704e-05	9.75662e-07	4.20865e-07	6.0924e-05	4.5554e-07	5.07552e-07	8.58678e-06	4.10506e-06	2.90835e-07	3.39297e-05	6.59254e-07	3.29454e-06	1.28084e-05	1.2834e-06	3.81856e-07	
0.000828354	5.7418e-06	4.01152e-06	8.4333e-05	4.00287e-05	2.82764e-06	0.000275301	7.47208e-06	3.27888e-05	0.0001122	1.26629e-05	0.180855	0.814428	5.55967e-06	4.46686e-06	9.02524e-05	4.3125e-05	4.10259e-06	0.000342327	7.65422e-06	3.50655e-05	0.000128728	1.50762e-05	4.10259e-06	0.000691571	4.64899e-06	3.23745e-06	8.94783e-05	4.08938e-05	2.55444e-06	0.000288962	6.51588e-06	3.47923e-05	0.000116298	1.02496e-05	4.42132e-06	0.000640027	4.78559e-06	5.332e-06	9.02069e-05	4.3125e-05	3.05531e-06	0.000356443	6.92568e-06	3.46102e-05	0.000134557	1.34825e-05	4.01152e-06	
0.00299482	2.07588e-05	1.45032e-05	0.000304896	0.000144719	1.0223e-05	0.000995321	2.70145e-05	0.000118544	0.000405645	4.57814e-05	1.54909e-05	0.982933	2.01003e-05	1.61494e-05	0.000326297	0.000155913	1.48324e-05	0.00123764	2.76729e-05	0.000126775	0.000465403	5.45063e-05	1.48324e-05	0.00250029	1.68079e-05	1.17046e-05	0.000323499	0.000147847	9.23529e-06	0.00104471	2.35574e-05	0.000125788	0.000420461	3.70564e-05	1.59848e-05	0.00231394	1.73018e-05	1.92772e-05	0.000326132	0.000155913	1.10461e-05	0.00128868	2.5039e-05	0.000125129	0.000486474	4.87445e-05	1.45032e-05	
0.00326039	1.74613e-07	1.21994e-07	2.56464e-06	1.21731e-06	8.59911e-08	0.000170132	2.27233e-07	9.97137e-07	3.41209e-06	3.85091e-07	1.30302e-07	0.000179961	0.013588	0.00711757	0.257525	0.109189	1.24763e-07	0.414925	0.000970792	1.06637e-06	0.030253	0.000162218	0.000161885	0.149325	0.000323661	9.84536e-08	0.000326241	1.24362e-06	7.76828e-08	0.00178815	1.98153e-07	1.05806e-06	0.00113586	3.117e-07	0.00113245	0.00648986	1.45534e-07	1.62151e-07	2.74327e-06	1.31147e-06	9.29147e-08	0.00146668	2.10616e-07	1.05253e-06	0.000489372	4.10016e-07	1.21994e-07	
0.00179001	1.24076e-05	8.66857e-06	0.000182237	8.64988e-05	6.11031e-06	0.000594904	1.61466e-05	7.0854e-05	0.000242454	2.73636e-05	9.25894e-06	0.00129331	1.2014e-05	0.275872	0.701344	9.31896e-05	0.0115031	0.000739741	1.65401e-05	7.57738e-05	0.000278172	3.25785e-05	8.86536e-06	0.00149443	1.00461e-05	6.99586e-06	0.000193355	8.83683e-05	5.51994e-06	0.000624423	1.40803e-05	7.51834e-05	0.00025131	2.21486e-05	9.55413e-06	0.00138305	1.03413e-05	1.1522e-05	0.00019493	9.31896e-05	6.60228e-06	0.000770244	1.49658e-05	7.47898e-05	0.000290766	2.91347e-05	8.66857e-06	
0.00225696	1.56443e-05	1.09299e-05	0.000229777	0.000109064	7.70431e-06	0.000750097	2.03587e-05	8.93377e-05	0.000305703	3.45019e-05	1.16743e-05	0.0016307	1.51481e-05	1.21706e-05	0.536478	0.405915	0.0434894	0.000932717	2.0855e-05	9.55408e-05	0.000350738	4.10772e-05	1.11781e-05	0.00188428	1.26668e-05	8.82087e-06	0.000243796	0.000111421	6.95993e-06	0.000787315	1.77534e-05	9.47965e-05	0.000316869	2.79266e-05	1.20465e-05	0.00174384	1.3039e-05	1.45278e-05	0.000245781	0.0001175	8.32462e-06	0.000971177	1.887e-05	9.43002e-05	0.000366618	3.6735e-05	1.09299e-05	
9.18764e-05	6.36849e-07	4.44936e-07	9.35375e-06	4.43976e-06	3.13627e-07	3.05349e-05	8.28762e-07	3.63676e-06	1.24446e-05	1.4045e-06	4.75238e-07	6.63823e-05	6.16647e-07	4.95439e-07	1.00103e-05	0.0595918	0.00767007	0.932191	8.48963e-07	3.88927e-06	1.42778e-05	1.67217e-06	4.55036e-07	7.67052e-05	5.1564e-07	3.5908e-07	9.92444e-06	4.53572e-06	2.83325e-07	3.205e-05	7.22705e-07	3.85897e-06	1.28991e-05	1.13683e-06	4.90389e-07	7.09882e-05	5.30792e-07	5.91396e-07	1.00052e-05	4.78318e-06	3.38878e-07	3.95346e-05	7.68158e-07	3.83877e-06	1.49243e-05	1.49541e-06	4.44936e-07	
0.000188308	1.30527e-06	9.1193e-07	1.91712e-05	9.09963e-06	6.42802e-07	6.25836e-05	1.69861e-06	7.45381e-06	2.55061e-05	2.87863e-06	9.74036e-07	0.000136056	1.26387e-06	1.01544e-06	2.05169e-05	9.8035e-06	0.038695	0.185084	1.74002e-06	0.684409	0.0641163	0.00121262	9.32632e-07	0.0255502	1.05684e-06	7.35961e-07	2.03409e-05	9.2963e-06	5.80695e-07	6.5689e-05	1.48124e-06	7.90926e-06	2.64377e-05	2.33003e-06	1.00509e-06	0.000145496	1.0879e-06	1.21211e-06	2.05065e-05	9.8035e-06	6.94557e-07	8.10293e-05	1.5744e-06	7.86785e-06	3.05885e-05	3.06495e-06	9.1193e-07	
0.0027809	1.9276e-05	1.34672e-05	0.000283118	0.000134382	9.4928e-06	0.000924226	2.50849e-05	0.000110077	0.00037667	4.25113e-05	1.43844e-05	0.00200925	1.86646e-05	1.49959e-05	0.00030299	0.000144777	1.3773e-05	0.804721	0.0535971	0.0179749	0.107575	5.0613e-05	1.3773e-05	0.0023217	1.56073e-05	1.08686e-05	0.000300391	0.000137286	8.57563e-06	0.000970085	2.18747e-05	0.000116803	0.000390428	3.44095e-05	1.4843e-05	0.00214866	1.60659e-05	1.79003e-05	0.000302837	0.000144777	1.02571e-05	0.00119663	2.32505e-05	0.000116191	0.000451726	4.52628e-05	1.34672e-05	
0.00047651	2.38607e-07	1.66703e-07	3.50455e-06	1.66344e-06	1.17506e-07	1.14405e-05	3.10511e-07	1.36258e-06	4.66258e-06	5.26222e-07	1.78057e-07	2.48713e-05	2.31038e-07	1.85625e-07	3.75054e-06	1.79211e-06	1.70488e-07	1.42258e-05	0.0249782	0.0289581	0.383516	0.00110584	0.00132643	0.557058	1.93194e-07	1.34536e-07	0.000445805	1.69939e-06	1.06153e-07	0.000675138	2.70775e-07	1.44583e-06	4.83288e-06	4.25936e-07	1.83733e-07	2.6597e-05	1.98871e-07	2.21577e-07	3.74865e-06	1.79211e-06	1.26967e-07	0.000677942	2.87805e-07	1.43827e-06	0.000668722	5.60282e-07	1.66703e-07	
0.0012661	8.77609e-06	6.13143e-06	0.000128899	6.11821e-05	4.32193e-06	0.000420786	1.14207e-05	5.01163e-05	0.000171492	1.93547e-05	6.54901e-06	0.00091478	8.4977e-06	6.82739e-06	0.000137947	6.59146e-05	6.27062e-06	0.000523232	1.16991e-05	0.252086	0.707514	0.00815312	6.27062e-06	0.0254473	7.10578e-06	4.94829e-06	0.000136764	6.25044e-05	3.90435e-06	0.000441665	9.95922e-06	5.31785e-05	0.000177756	1.56661e-05	6.7578e-06	0.000978252	7.31457e-06	8.14972e-06	0.000137877	6.59146e-05	4.66991e-06	0.000544806	1.05856e-05	5.29001e-05	0.000205664	2.06075e-05	6.13143e-06	
0.00021333	1.47871e-06	1.0331e-06	2.17186e-05	1.03088e-05	7.28215e-07	7.08995e-05	1.92432e-06	8.44425e-06	2.88952e-05	3.26114e-06	1.10346e-06	0.000154134	1.4318e-06	1.15037e-06	2.32431e-05	1.11062e-05	1.05656e-06	8.81609e-05	1.97122e-06	9.03057e-06	0.101403	0.0931546	0.00137092	0.802918	1.19727e-06	8.33754e-07	2.30437e-05	1.05316e-05	6.57856e-07	7.44175e-05	1.67806e-06	8.96021e-06	2.99506e-05	2.63963e-06	1.13864e-06	0.000164829	1.23245e-06	1.37317e-06	2.32314e-05	1.11062e-05	7.86848e-07	9.17962e-05	1.7836e-06	8.91331e-06	3.4653e-05	3.47221e-06	1.0331e-06	
0.000537549	5.02074e-07	3.50775e-07	7.37423e-06	3.50018e-06	2.47254e-07	2.40729e-05	6.53373e-07	2.86712e-06	9.81095e-06	1.10727e-06	3.74664e-07	5.23339e-05	4.86148e-07	3.9059e-07	7.89184e-06	3.77093e-06	3.58738e-07	2.99337e-05	6.69299e-07	3.06619e-06	1.12562e-05	0.0720943	0.0069771	0.92006	4.06517e-07	2.83088e-07	7.82415e-06	3.57583e-06	2.23365e-07	2.52673e-05	5.6976e-07	3.0423e-06	1.01693e-05	8.96248e-07	3.86609e-07	5.59651e-05	4.18461e-07	4.6624e-07	7.88785e-06	3.77093e-06	2.67162e-07	3.1168e-05	6.05594e-07	3.02638e-06	1.17659e-05	1.17894e-06	3.50775e-07	
0.000671252	4.65284e-06	3.25072e-06	6.83388e-05	3.2437e-05	2.29137e-06	0.000223089	6.05496e-06	2.65703e-05	9.09204e-05	1.02613e-05	3.4721e-06	0.000484991	4.50525e-06	3.6197e-06	7.31356e-05	3.49461e-05	3.32451e-06	0.000277403	6.20256e-06	2.84152e-05	0.000104314	1.22169e-05	0.142245	0.854009	3.76729e-06	2.62345e-06	7.25083e-05	3.31381e-05	2.06998e-06	0.000234158	5.28011e-06	2.81938e-05	9.42412e-05	8.30574e-06	3.5828e-06	0.000518642	3.87798e-06	4.32076e-06	7.30987e-05	3.49461e-05	2.47586e-06	0.000288841	5.61219e-06	2.80462e-05	0.000109037	1.09255e-05	3.25072e-06	
0.00273211	1.89379e-05	1.3231e-05	0.000278151	0.000132024	9.32626e-06	0.000908012	2.46448e-05	0.000108146	0.000370062	4.17654e-05	1.41321e-05	0.001974	1.83371e-05	1.47328e-05	0.000297675	0.000142237	1.35313e-05	0.00112908	2.52455e-05	0.000115655	0.000424578	4.97251e-05	1.35313e-05	0.949649	0.0175592	0.0175545	0.000295121	0.000134878	8.42518e-06	0.000953066	2.1491e-05	0.000114754	0.000383578	3.38058e-05	1.45826e-05	0.00211096	1.57841e-05	1.75862e-05	0.000297524	0.000142237	1.00772e-05	0.00117563	2.28426e-05	0.000114153	0.000443801	4.44687e-05	1.3231e-05	
0.0293219	1.67332e-07	1.16907e-07	2.4577e-06	0.000311196	8.24054e-08	0.000318052	2.17757e-07	9.55557e-07	3.26981e-06	3.69033e-07	1.24869e-07	0.000172457	1.62024e-07	1.30177e-07	2.6302e-06	1.25678e-06	1.19561e-07	9.97636e-06	2.23065e-07	1.02191e-06	3.7515e-06	4.39363e-07	1.19561e-07	0.000175169	0.00976606	0.00449552	0.254382	0.105256	0.000465119	0.372199	0.000465234	0.00310131	0.0179851	2.98703e-07	1.2885e-07	0.188207	1.39465e-07	0.000310185	2.62888e-06	1.25678e-06	8.90403e-08	0.0125666	2.01833e-07	1.00864e-06	0.000468966	3.92918e-07	1.16907e-07	
0.00232434	1.61113e-05	1.12562e-05	0.000236636	0.000112319	7.93428e-06	0.000772488	2.09664e-05	9.20045e-05	0.000314829	3.55318e-05	1.20228e-05	0.00167937	1.56003e-05	1.25339e-05	0.000253245	0.000121007	1.15117e-05	0.00096056	2.14775e-05	9.83928e-05	0.000361208	4.23034e-05	1.15117e-05	0.00194053	1.30449e-05	0.22389	0.74652	0.0150401	7.16769e-06	0.000810817	1.82834e-05	9.76262e-05	0.000326328	2.87602e-05	1.24061e-05	0.0017959	1.34282e-05	1.49614e-05	0.000253118	0.000121007	8.57312e-06	0.00100017	1.94332e-05	9.71151e-05	0.000377562	3.78316e-05	1.12562e-05	
0.00338545	2.34665e-05	1.63949e-05	0.000344665	0.000163596	1.15565e-05	0.00112514	3.05381e-05	0.000134007	0.000458555	5.17528e-05	1.75115e-05	0.00244604	2.27221e-05	1.82559e-05	0.000368858	0.00017625	1.67671e-05	0.00139908	3.12825e-05	0.000143311	0.000526107	6.16158e-05	1.67671e-05	0.00282642	1.90002e-05	1.32313e-05	0.413409	0.456689	0.086967	0.0229201	2.66301e-05	0.000142195	0.000475304	4.18898e-05	1.80698e-05	0.00261576	1.95585e-05	2.17916e-05	0.000368671	0.00017625	1.24869e-05	0.00145677	2.83049e-05	0.00014145	0.000549927	5.51025e-05	1.63949e-05	
9.0805e-05	6.29422e-07	4.39747e-07	9.24467e-06	4.38798e-06	3.09969e-07	3.01788e-05	8.19097e-07	3.59434e-06	1.22994e-05	1.38812e-06	4.69696e-07	6.56081e-05	6.09456e-07	4.89661e-07	9.89356e-06	4.7274e-06	4.4973e-07	3.75262e-05	8.39063e-07	3.84392e-06	1.41113e-05	1.65267e-06	4.4973e-07	7.58107e-05	5.09627e-07	3.54892e-07	9.8087e-06	0.0513164	0.0104959	0.937641	7.14277e-07	3.81397e-06	1.27487e-05	1.12358e-06	4.8467e-07	7.01603e-05	5.24602e-07	5.84499e-07	9.88856e-06	4.7274e-06	3.34926e-07	3.90736e-05	7.592e-07	3.794e-06	1.47502e-05	1.47797e-06	4.39747e-07	
0.000197127	1.3664e-06	9.5464e-07	2.00691e-05	9.52582e-06	6.72908e-07	6.55148e-05	1.77817e-06	7.80291e-06	2.67007e-05	3.01346e-06	1.01966e-06	0.000142428	1.32306e-06	1.063e-06	2.14778e-05	1.02627e-05	9.76312e-07	8.14652e-05	1.82151e-06	8.34471e-06	3.06341e-05	3.58776e-06	9.76312e-07	0.000164576	1.10634e-06	7.70431e-07	2.12936e-05	9.7317e-06	0.0227854	0.195005	0.0101281	0.716464	0.0544581	2.43915e-06	1.05216e-06	0.00015231	1.13885e-06	1.26888e-06	2.14669e-05	1.02627e-05	7.27087e-07	8.48243e-05	1.64814e-06	8.23635e-06	3.20211e-05	3.2085e-06	9.5464e-07	
0.00353933	2.45332e-05	1.71401e-05	0.000360332	0.000171032	1.20818e-05	0.00117629	3.19262e-05	0.000140098	0.000479398	5.41052e-05	1.83075e-05	0.00255723	2.37549e-05	1.90857e-05	0.000385624	0.000184261	1.75292e-05	0.00146267	3.27044e-05	0.000149825	0.000550021	6.44166e-05	1.75292e-05	0.00295489	1.98639e-05	1.38327e-05	0.000382316	0.000174728	1.09144e-05	0.796689	0.0682097	0.0683305	0.000496908	0.0454983	1.88911e-05	0.00273466	2.04475e-05	2.27822e-05	0.000385429	0.000184261	1.30545e-05	0.00152298	2.95915e-05	0.00014788	0.000574924	5.76072e-05	1.71401e-05	
0.00145422	2.5501e-07	1.78163e-07	3.74548e-06	1.77779e-06	1.25584e-07	1.22269e-05	3.31857e-07	1.45625e-06	4.98312e-06	5.62398e-07	1.90297e-07	2.65811e-05	2.46921e-07	1.98386e-07	4.00837e-06	1.91531e-06	1.82208e-07	1.52038e-05	3.39946e-07	1.55736e-06	5.71721e-06	6.69579e-07	1.82208e-07	3.07147e-05	2.06475e-07	1.43785e-07	3.974e-06	1.81622e-06	1.1345e-07	1.28336e-05	0.0210256	0.0236255	0.408226	0.000236694	1.96364e-07	0.536291	2.12542e-07	2.3681e-07	0.000240245	1.91531e-06	1.35695e-07	0.00875668	3.0759e-07	1.53714e-06	5.97606e-06	5.98799e-07	1.78163e-07	
0.00149741	1.03794e-05	7.2516e-06	0.000152448	7.23596e-05	5.11151e-06	0.00049766	1.35072e-05	5.92721e-05	0.000202822	2.28907e-05	7.74546e-06	0.0010819	1.00502e-05	8.0747e-06	0.000163149	7.79567e-05	7.41622e-06	0.000618822	1.38365e-05	6.33877e-05	0.000232701	2.72532e-05	7.41622e-06	0.00125015	8.40395e-06	5.85231e-06	0.000161749	7.39235e-05	4.61764e-06	0.000522354	1.17787e-05	0.250063	0.702133	0.0288647	0.00962338	0.00115697	8.65088e-06	9.63861e-06	0.000163066	7.79567e-05	5.52307e-06	0.000644338	1.25195e-05	6.25646e-05	0.000243237	2.43723e-05	7.2516e-06	
0.000217501	1.50762e-06	1.0533e-06	2.21433e-05	1.05103e-05	7.42454e-07	7.22858e-05	1.96194e-06	8.60936e-06	2.94602e-05	3.3249e-06	1.12504e-06	0.000157148	1.4598e-06	1.17286e-06	2.36976e-05	1.13233e-05	1.07722e-06	8.98848e-05	2.00977e-06	9.20715e-06	3.38002e-05	3.95856e-06	1.07722e-06	0.000181586	1.22069e-06	8.50056e-07	2.34943e-05	1.07375e-05	6.70719e-07	7.58726e-05	1.71087e-06	9.13541e-06	0.0670696	0.0363155	1.16091e-06	0.871676	1.25655e-06	1.40002e-06	2.36856e-05	0.0237543	8.02233e-07	9.3591e-05	1.81847e-06	9.08759e-06	3.53305e-05	3.54011e-06	1.0533e-06	
0.000573279	5.35446e-07	3.7409e-07	7.86439e-06	3.73283e-06	2.63689e-07	2.5673e-05	6.96801e-07	3.05769e-06	1.04631e-05	1.18087e-06	3.99567e-07	5.58125e-05	5.18461e-07	4.16552e-07	8.41639e-06	4.02158e-06	3.82583e-07	3.19234e-05	7.13786e-07	3.27e-06	1.20044e-05	1.40592e-06	3.82583e-07	6.44917e-05	4.33537e-07	3.01905e-07	8.34421e-06	3.81351e-06	2.38212e-07	2.69468e-05	6.07631e-07	3.24452e-06	1.08452e-05	0.0595248	0.0163695	0.923175	4.46276e-07	4.9723e-07	8.41215e-06	4.02158e-06	2.8492e-07	3.32397e-05	6.45847e-07	3.22754e-06	1.25479e-05	1.2573e-06	3.7409e-07	
0.00755379	7.05529e-06	4.92919e-06	0.000103625	4.91856e-05	3.47449e-06	0.000338279	9.18138e-06	4.02895e-05	0.000137866	1.55597e-05	5.26489e-06	0.000735411	6.83149e-06	5.48869e-06	0.000110898	5.29902e-05	5.04109e-06	0.000420637	9.40518e-06	4.3087e-05	0.000158176	1.8525e-05	5.04109e-06	0.000849773	5.71249e-06	3.97804e-06	0.000109947	5.02486e-05	3.13879e-06	0.000355064	8.00643e-06	4.27513e-05	0.000142902	1.25943e-05	0.130724	0.843924	5.88034e-06	0.0130784	0.000110842	5.29902e-05	3.75424e-06	0.000437982	8.50998e-06	4.25275e-05	0.000165338	1.65668e-05	4.92919e-06	
0.00251178	1.74106e-05	1.2164e-05	0.000255719	0.000121377	8.57415e-06	0.000834785	2.26573e-05	9.94242e-05	0.000340218	3.83973e-05	1.29924e-05	0.00181481	1.68583e-05	1.35447e-05	0.000273669	0.000130766	1.24401e-05	0.00103802	2.32096e-05	0.000106328	0.000390338	4.5715e-05	1.24401e-05	0.00209702	1.40969e-05	9.81678e-06	0.000271321	0.000124001	7.74573e-06	0.000876206	1.97578e-05	0.000105499	0.000352645	3.10796e-05	1.34066e-05	0.985812	1.45112e-05	1.6168e-05	0.00027353	0.000130766	9.2645e-06	0.00108083	2.10004e-05	0.000104947	0.000408011	4.08825e-05	1.2164e-05	
0.138486	1.7299e-07	1.2086e-07	2.5408e-06	1.20599e-06	8.51918e-08	0.000168551	2.2512e-07	9.87869e-07	3.38037e-06	3.81511e-07	1.29091e-07	0.00146034	0.000160424	1.34578e-07	2.71914e-06	1.29928e-06	0.000320636	1.03137e-05	2.30608e-07	1.05646e-06	3.87835e-06	4.54219e-07	1.23604e-07	2.08358e-05	1.40066e-07	9.75385e-08	2.69582e-06	1.23206e-06	7.69607e-08	8.70589e-06	1.96312e-07	1.04823e-06	3.50384e-06	3.08803e-07	1.33207e-07	1.92829e-05	0.0116989	0.00929503	0.256253	0.110578	9.20511e-08	0.438152	2.08658e-07	1.04274e-06	0.0317348	0.000641432	0.000961659	
0.015618	1.45873e-05	1.01914e-05	0.000214251	0.000101695	7.18374e-06	0.000699414	1.89831e-05	8.33014e-05	0.000285048	3.21707e-05	1.08855e-05	0.00152051	1.41246e-05	1.13482e-05	0.00022929	0.000109561	1.04228e-05	0.000869696	1.94459e-05	8.90854e-05	0.00032704	3.83017e-05	1.04228e-05	0.00175696	1.1811e-05	8.22487e-06	0.000227323	0.000103892	6.48966e-06	0.000734118	1.65538e-05	8.83913e-05	0.000295459	2.60396e-05	1.12326e-05	0.00162601	1.2158e-05	0.310824	0.662391	0.000109561	7.76215e-06	0.000905557	1.7595e-05	8.79286e-05	0.000341847	3.42529e-05	1.01914e-05	
0.00181082	1.25518e-05	8.76937e-06	0.000184356	8.75046e-05	6.18136e-06	0.000601822	1.63343e-05	7.16779e-05	0.000245274	2.76817e-05	9.3666e-06	0.00130835	1.21537e-05	9.76476e-06	0.000197296	9.42732e-05	8.96845e-06	0.000748343	1.67325e-05	7.66549e-05	0.000281406	3.29573e-05	8.96845e-06	0.00151181	1.01629e-05	7.07721e-06	0.000195604	8.93958e-05	5.58413e-06	0.000631683	1.4244e-05	7.60576e-05	0.000254232	2.24062e-05	9.66522e-06	0.00139913	1.04615e-05	1.1656e-05	0.59322	0.255908	0.104658	0.0124071	0.023271	7.56595e-05	0.000294147	2.94734e-05	8.76937e-06	
9.15524e-05	6.34602e-07	4.43366e-07	9.32076e-06	4.4241e-06	3.1252e-07	3.04272e-05	8.25839e-07	3.62393e-06	1.24007e-05	1.39955e-06	4.73561e-07	6.61481e-05	6.14472e-07	4.93692e-07	9.97498e-06	4.76631e-06	4.53431e-07	3.78351e-05	8.45969e-07	3.87555e-06	1.42275e-05	1.66627e-06	4.53431e-07	7.64346e-05	5.13822e-07	3.57813e-07	9.88943e-06	4.51972e-06	2.82325e-07	3.1937e-05	7.20156e-07	3.84536e-06	1.28536e-05	1.13282e-06	4.88659e-07	7.07378e-05	5.28919e-07	5.8931e-07	9.96995e-06	0.0646726	0.00411556	0.930668	7.65448e-07	3.82523e-06	1.48716e-05	1.49013e-06	4.43366e-07	
0.021614	1.28507e-06	8.97817e-07	1.88745e-05	8.9588e-06	6.32854e-07	6.16151e-05	1.67232e-06	7.33845e-06	2.51113e-05	2.83408e-06	9.58962e-07	0.00013395	1.24431e-06	9.99725e-07	2.01993e-05	9.65178e-06	9.18198e-07	7.66161e-05	1.71309e-06	7.848e-06	2.88106e-05	3.3742e-06	9.18198e-07	0.00015478	1.04049e-06	7.24572e-07	2.00261e-05	9.15243e-06	5.71708e-07	6.46723e-05	1.45831e-06	7.78685e-06	2.60285e-05	2.29397e-06	9.89534e-07	0.000143244	1.07106e-06	1.19335e-06	2.01892e-05	9.65178e-06	0.0345245	0.214365	1.55003e-06	0.669055	0.0595539	3.01752e-06	8.97817e-07	
0.00338545	2.34665e-05	1.63949e-05	0.000344665	0.000163596	1.15565e-05	0.00112514	3.05381e-05	0.000134007	0.000458555	5.17528e-05	1.75115e-05	0.00244604	2.27221e-05	1.82559e-05	0.000368858	0.00017625	1.67671e-05	0.00139908	3.12825e-05	0.000143311	0.000526107	6.16158e-05	1.67671e-05	0.00282642	1.90002e-05	1.32313e-05	0.000365694	0.000167131	1.04399e-05	0.00118097	2.66301e-05	0.000142195	0.000475304	4.18898e-05	1.80698e-05	0.00261576	1.95585e-05	2.17916e-05	0.000368671	0.00017625	1.24869e-05	0.805805	0.173941	0.00014145	0.000549927	5.51025e-05	1.63949e-05	
0.582263	2.30555e-07	1.61078e-07	3.38629e-06	1.6073e-06	1.13541e-07	0.000224638	3.00032e-07	1.3166e-06	0.000218089	5.08464e-07	1.72048e-07	2.4032e-05	2.23242e-07	1.79361e-07	3.62397e-06	1.73163e-06	1.64734e-07	1.37457e-05	3.07346e-07	1.40801e-06	5.16893e-06	6.05367e-07	1.64734e-07	2.77692e-05	1.86675e-07	1.29996e-07	3.59289e-06	1.64204e-06	1.0257e-07	1.16029e-05	2.61637e-07	1.39704e-06	4.66979e-06	4.11562e-07	1.77533e-07	2.56995e-05	1.9216e-07	2.141e-07	3.62215e-06	1.73163e-06	1.22682e-07	0.000227896	0.0219994	0.0228549	0.371214	0.000427709	0.000427329	
0.0276818	9.46894e-06	6.61549e-06	0.000139075	6.60122e-05	4.66313e-06	0.000454006	1.23224e-05	5.40728e-05	0.000185031	2.08827e-05	7.06603e-06	0.000987	9.16857e-06	7.3664e-06	0.000148837	7.11184e-05	6.76567e-06	0.000564539	1.26227e-05	5.78273e-05	0.000212289	2.48625e-05	6.76567e-06	0.00114048	7.66676e-06	5.33895e-06	0.000147561	6.7439e-05	4.21259e-06	0.000476533	1.07455e-05	5.73768e-05	0.000191789	1.69029e-05	7.29131e-06	0.00105548	7.89203e-06	8.79312e-06	0.000148762	7.11184e-05	5.03859e-06	0.000587817	1.14213e-05	0.280759	0.605485	0.0789696	6.61549e-06	
0.854508	1.54208e-06	1.07738e-06	2.26494e-05	1.07506e-05	7.59424e-07	7.39381e-05	2.00679e-06	8.80614e-06	3.01336e-05	3.4009e-06	1.15075e-06	0.00016074	1.49317e-06	1.19967e-06	2.42392e-05	1.15821e-05	1.10184e-06	9.19393e-05	2.0557e-06	9.4176e-06	3.45728e-05	4.04904e-06	1.10184e-06	0.000185736	1.24859e-06	8.69486e-07	2.40313e-05	1.09829e-05	6.8605e-07	7.76068e-05	1.74998e-06	9.34422e-06	3.12342e-05	2.75276e-06	1.18744e-06	0.000171893	1.28527e-06	1.43202e-06	2.4227e-05	1.15821e-05	8.2057e-07	9.57303e-05	1.86004e-06	9.29531e-06	0.117179	0.0271465	1.07738e-06	
0.91884	5.03949e-07	3.52085e-07	7.40178e-06	3.51326e-06	2.48178e-07	2.41628e-05	6.55813e-07	2.87782e-06	9.84759e-06	1.11141e-06	3.76063e-07	5.25294e-05	4.87963e-07	3.92049e-07	7.92131e-06	3.78501e-06	3.60078e-07	3.00455e-05	6.71799e-07	3.07765e-06	1.12983e-05	1.32322e-06	3.60078e-07	6.06981e-05	4.08035e-07	2.84146e-07	7.85337e-06	3.58919e-06	2.24199e-07	2.53617e-05	5.71888e-07	3.05367e-06	1.02073e-05	8.99595e-07	3.88053e-07	5.61741e-05	4.20024e-07	4.67981e-07	7.91731e-06	3.78501e-06	2.6816e-07	3.12844e-05	6.07856e-07	3.03768e-06	1.18098e-05	0.0756314	0.00513574	
0.838354	5.47949e-06	3.82825e-06	8.04802e-05	3.82e-05	2.69846e-06	0.000262724	7.13072e-06	3.12909e-05	0.000107074	1.20844e-05	4.08897e-06	0.000571157	5.30567e-06	4.26279e-06	8.61292e-05	4.11548e-05	3.91516e-06	0.000326688	7.30453e-06	3.34635e-05	0.000122847	1.43875e-05	3.91516e-06	0.000659976	4.4366e-06	3.08954e-06	8.53905e-05	3.90256e-05	2.43774e-06	0.00027576	6.2182e-06	3.32028e-05	0.000110985	9.78138e-06	4.21933e-06	0.000610787	4.56696e-06	5.0884e-06	8.60857e-05	4.11548e-05	2.91573e-06	0.000340158	6.60928e-06	3.3029e-05	0.000128409	1.28666e-05	0.157364	
0.983446	2.11659e-05	1.47876e-05	0.000310875	0.000147557	1.04235e-05	0.00101484	2.75442e-05	0.000120869	0.000413599	4.6679e-05	1.57947e-05	0.00220623	2.04945e-05	1.64661e-05	0.000332695	0.000158971	1.51233e-05	0.00126191	2.82155e-05	0.000129261	0.000474528	5.55751e-05	1.51233e-05	0.00254932	1.71375e-05	1.19341e-05	0.000329842	0.000150746	9.41637e-06	0.00106519	2.40193e-05	0.000128254	0.000428705	3.7783e-05	1.62982e-05	0.00235931	1.7641e-05	1.96552e-05	0.000332527	0.000158971	1.12627e-05	0.00131394	2.553e-05	0.000127583	0.000496013	4.97003e-05	1.47876e-05	
### Chord Transition Prob
0.369771	0.630229	
0.621558	0.378442	
0.729517	0.270483	
0.878528	0.121472	
0.861266	0.138734	
0.855784	0.144216	
0.669743	0.330257	
0.720775	0.279225	
0.944391	0.0556095	
0.801185	0.198815	
0.673594	0.326406	
0.546793	0.453207	
0.470325	0.529675	
0.706742	0.293258	
0.696266	0.303734	
0.854722	0.145278	
0.872271	0.127729	
0.614709	0.385291	
0.601668	0.398332	
0.72738	0.27262	
0.9467	0.0533005	
0.760228	0.239772	
0.698585	0.301415	
0.625686	0.374314	
0.42516	0.57484	
0.649855	0.350145	
0.638003	0.361997	
0.872285	0.127715	
0.878656	0.121344	
0.770578	0.229422	
0.666919	0.333081	
0.721721	0.278279	
0.935825	0.0641746	
0.78901	0.21099	
0.676692	0.323308	
0.632008	0.367992	
0.44403	0.55597	
0.697455	0.302545	
0.728196	0.271804	
0.858181	0.141819	
0.885982	0.114018	
0.675477	0.324523	
0.598407	0.401593	
0.744611	0.255389	
0.922145	0.0778554	
0.725831	0.274169	
0.663076	0.336924	
0.572391	0.427609	
