//numFeatures: 10
//sampleSpaceSize: 11
//nodes.size(): 263
########## Feature mins and maxs
0	0	0	0	0	0	0	0	0	0	
88	88	88	88	88	88	88	88	88	88	
########## Nodes: ID ( #samples ) depth parentID leftChildID rightChildID #criteria
0	( 340736 )	0	-1	1	82	0
0.0349862	0.733281	0.134268	0.0352973	0.0368909	0.00433795	0.0110205	0.00149118	0.00603134	0.0014677	0.000927695	
1	( 213508 )	1	0	2	35	1
0	5	0
0.0291749	0.927315	0.0238496	0.00604237	0.00716176	0.00148518	0.00248748	0.000468832	0.00150392	0.000281487	0.000229967	
2	( 141317 )	2	1	3	10	2
0	5	0
0	2	0
0.0307328	0.958356	0.00475594	0.0016707	0.00154333	0.000793246	0.000955999	0.000276681	0.000595111	0.000205918	0.000113927	
3	( 35438 )	3	2	4	7	3
0	5	0
0	2	0
0	0	0
0.062843	0.930331	0.00333248	0.000764692	0.00189339	3.10392e-05	0.000426083	0.000143909	0.000200344	3.10392e-05	2.82174e-06	
4	( 17571 )	4	3	5	6	4
0	5	0
0	2	0
0	0	0
1	0	0
0.0500282	0.948896	0.000973134	5.69084e-06	5.69084e-06	5.69084e-06	6.25992e-05	5.69084e-06	5.69084e-06	5.69084e-06	5.69084e-06	
5	( 6192 )	5	4	-1	-1	5
0	5	0
0	2	0
0	0	0
1	0	0
9	0	0
0.0778447	0.920557	0.00130791	1.6147e-05	1.6147e-05	1.6147e-05	0.000177617	1.6147e-05	1.6147e-05	1.6147e-05	1.6147e-05	
6	( 11379 )	5	4	-1	-1	5
0	5	0
0	2	0
0	0	0
1	0	0
9	0	1
0.0348942	0.964236	0.000799641	8.78727e-06	8.78727e-06	8.78727e-06	8.78727e-06	8.78727e-06	8.78727e-06	8.78727e-06	8.78727e-06	
7	( 17867 )	4	3	8	9	4
0	5	0
0	2	0
0	0	0
1	0	1
0.0754473	0.912022	0.00565813	0.00151667	0.0037553	6.15622e-05	0.000789116	0.000285425	0.000397356	6.15622e-05	5.59657e-06	
8	( 8957 )	5	7	-1	-1	5
0	5	0
0	2	0
0	0	0
1	0	1
2	2	0
0.0558266	0.930677	0.00492292	0.00101584	0.00581597	1.11631e-05	0.000569317	0.000234425	0.000792579	0.000122794	1.11631e-05	
9	( 8910 )	5	7	-1	-1	5
0	5	0
0	2	0
0	0	0
1	0	1
2	2	1
0.0951734	0.893167	0.00640774	0.00203117	0.00169452	0.000123442	0.0010212	0.000347881	1.1222e-05	1.1222e-05	1.1222e-05	
10	( 105879 )	3	2	11	28	3
0	5	0
0	2	0
0	0	1
0.0199858	0.967728	0.00523328	0.00197488	0.00142709	0.0010493	0.0011343	0.000322062	0.000728182	0.000265395	0.000152059	
11	( 48489 )	4	10	12	19	4
0	5	0
0	2	0
0	0	1
1	2	0
0.0252031	0.958425	0.0084574	0.00206434	0.000909464	0.00187873	0.00144566	0.000332027	0.000744482	0.000414518	0.000125799	
12	( 29182 )	5	11	13	14	5
0	5	0
0	2	0
0	0	1
1	2	0
1	0	0
0.0199807	0.9694	0.00452659	0.00133982	0.000517423	0.00195661	0.000723021	0.000277558	0.000551689	0.000551689	0.000174759	
13	( 1401 )	6	12	-1	-1	6
0	5	0
0	2	0
0	0	1
1	2	0
1	0	0
2	0	0
0.114899	0.868768	0.0143356	0.00149775	7.13216e-05	7.13216e-05	7.13216e-05	7.13216e-05	7.13216e-05	7.13216e-05	7.13216e-05	
14	( 27781 )	6	12	15	18	6
0	5	0
0	2	0
0	0	1
1	2	0
1	0	0
2	0	1
0.0151932	0.974444	0.00403497	0.00133539	0.000543515	0.00205528	0.000759482	0.000291555	0.00057951	0.00057951	0.000183571	
15	( 14379 )	7	14	16	17	7
0	5	0
0	2	0
0	0	1
1	2	0
1	0	0
2	0	1
3	0	0
0.01468	0.97573	0.00209317	7.64946e-05	0.000146035	0.00383168	0.000424197	0.000563278	0.00105006	0.00105006	0.000354657	
16	( 9526 )	8	15	-1	-1	8
0	5	0
0	2	0
0	0	1
1	2	0
1	0	0
2	0	1
3	0	0
7	0	0
0.0171196	0.978063	0.00179488	0.00011546	1.04964e-05	0.000430351	0.000220424	0.000220424	0.000430351	0.00158495	1.04964e-05	
17	( 4853 )	8	15	-1	-1	8
0	5	0
0	2	0
0	0	1
1	2	0
1	0	0
2	0	1
3	0	0
7	0	1
0.00990915	0.970952	0.00269875	2.06011e-05	0.000432624	0.0105272	0.000844647	0.00125667	0.00228673	2.06011e-05	0.00105066	
18	( 13402 )	7	14	-1	-1	7
0	5	0
0	2	0
0	0	1
1	2	0
1	0	0
2	0	1
3	0	1
0.0157501	0.972991	0.00612545	0.00269341	0.000977386	0.00015668	0.00112661	7.46096e-06	8.20706e-05	8.20706e-05	7.46096e-06	
19	( 19307 )	5	11	20	27	5
0	5	0
0	2	0
0	0	1
1	2	0
1	0	1
0.0331001	0.941786	0.0144033	0.00316448	0.00150714	0.0017661	0.00254297	0.000419513	0.00104101	0.000212346	5.69709e-05	
20	( 11689 )	6	19	21	26	6
0	5	0
0	2	0
0	0	1
1	2	0
1	0	1
0	1	0
0.031146	0.953123	0.00385797	0.00377242	0.00154832	0.00214712	0.00334471	0.000607352	0.000350724	8.55425e-06	9.40967e-05	
21	( 4354 )	7	20	22	23	7
0	5	0
0	2	0
0	0	1
1	2	0
1	0	1
0	1	0
1	1	0
0.0489311	0.91642	0.00668182	0.0092076	0.00300797	0.00438566	0.00874836	0.00163027	0.000711809	2.29616e-05	0.000252577	
22	( 3689 )	8	21	-1	-1	8
0	5	0
0	2	0
0	0	1
1	2	0
1	0	1
0	1	0
1	1	0
2	7	0
0.0479933	0.924392	0.00490502	0.0108669	0.00300805	0.00517601	0.00056909	0.00192407	0.000840086	2.70995e-05	0.000298095	
23	( 665 )	8	21	24	25	8
0	5	0
0	2	0
0	0	1
1	2	0
1	0	1
0	1	0
1	1	0
2	7	1
0.0541961	0.87089	0.0166642	0.000150128	0.00315268	0.000150128	0.0541961	0.000150128	0.000150128	0.000150128	0.000150128	
24	( 118 )	9	23	-1	-1	9
0	5	0
0	2	0
0	0	1
1	2	0
1	0	1
0	1	0
1	1	0
2	7	1
4	1	0
0.0344249	0.655751	0.000839631	0.000839631	0.000839631	0.000839631	0.303107	0.000839631	0.000839631	0.000839631	0.000839631	
25	( 547 )	9	23	-1	-1	9
0	5	0
0	2	0
0	0	1
1	2	0
1	0	1
0	1	0
1	1	0
2	7	1
4	1	1
0.058566	0.916074	0.0202518	0.000182448	0.00383142	0.000182448	0.000182448	0.000182448	0.000182448	0.000182448	0.000182448	
26	( 7335 )	7	20	-1	-1	7
0	5	0
0	2	0
0	0	1
1	2	0
1	0	1
0	1	0
1	1	1
0.0205968	0.974782	0.00219463	0.00055888	0.000695192	0.000831504	0.000149943	1.36312e-05	0.000149943	1.36312e-05	1.36312e-05	
27	( 7618 )	6	19	-1	-1	6
0	5	0
0	2	0
0	0	1
1	2	0
1	0	1
0	1	1
0.0361066	0.924269	0.0305942	0.00224436	0.00145686	0.00119437	0.00132562	0.000144374	0.00211311	0.000538121	1.31249e-05	
28	( 57390 )	4	10	29	32	4
0	5	0
0	2	0
0	0	1
1	2	1
0.0155791	0.975571	0.00251084	0.00190099	0.00186614	0.000350229	0.000872958	0.00031538	0.000716139	0.000141137	0.000175985	
29	( 36881 )	5	28	30	31	5
0	5	0
0	2	0
0	0	1
1	2	1
1	4	0
0.00951952	0.981753	0.00217179	0.00222601	0.00146684	0.000355186	0.00100591	0.000300959	0.000761887	0.000192505	0.000246732	
30	( 9958 )	6	29	-1	-1	6
0	5	0
0	2	0
0	0	1
1	2	1
1	4	0
3	2	0
0.0135655	0.974596	0.00412688	0.00322318	0.00422729	1.00411e-05	0.000110452	1.00411e-05	1.00411e-05	1.00411e-05	0.000110452	
31	( 26923 )	6	29	-1	-1	6
0	5	0
0	2	0
0	0	1
1	2	1
1	4	0
3	2	1
0.00802627	0.984363	0.00145223	0.00186079	0.000449411	0.000486553	0.00134081	0.00041227	0.00104367	0.000263704	0.000300846	
32	( 20509 )	5	28	33	34	5
0	5	0
0	2	0
0	0	1
1	2	1
1	4	1
0.0264796	0.964408	0.00312529	0.0013213	0.00258897	0.000346171	0.00063871	0.000346171	0.00063871	5.36321e-05	5.36321e-05	
33	( 11153 )	6	32	-1	-1	6
0	5	0
0	2	0
0	0	1
1	2	1
1	4	1
0	1	0
0.0259187	0.972566	0.000546884	0.000188272	9.86184e-05	8.96531e-06	0.000188272	0.000367578	8.96531e-06	9.86184e-05	8.96531e-06	
34	( 9356 )	6	32	-1	-1	6
0	5	0
0	2	0
0	0	1
1	2	1
1	4	1
0	1	1
0.0271558	0.95458	0.00620919	0.00268246	0.00556796	0.000758782	0.00118626	0.000331299	0.00140001	1.06871e-05	0.000117558	
35	( 72191 )	2	1	36	49	2
0	5	0
0	2	1
0.0261261	0.866537	0.0612269	0.0146013	0.0181613	0.00284103	0.00548675	0.000846353	0.00328429	0.000430795	0.000458499	
36	( 30044 )	3	35	37	42	3
0	5	0
0	2	1
1	2	0
0.0224696	0.876486	0.0929303	0.00246629	0.00323181	0.000436011	0.000935261	0.000136462	0.000735561	0.000136462	3.66116e-05	
37	( 16178 )	4	36	38	39	4
0	5	0
0	2	1
1	2	0
1	0	0
0.0215772	0.91761	0.0590948	0.000809687	0.000809687	6.18081e-06	6.18081e-06	6.18081e-06	6.79889e-05	6.18081e-06	6.18081e-06	
38	( 893 )	5	37	-1	-1	5
0	5	0
0	2	1
1	2	0
1	0	0
2	0	0
0.132088	0.663349	0.200313	0.00346717	0.000111844	0.000111844	0.000111844	0.000111844	0.000111844	0.000111844	0.000111844	
39	( 15285 )	5	37	40	41	5
0	5	0
0	2	1
1	2	0
1	0	0
2	0	1
0.0151183	0.932422	0.050837	0.000660731	0.000856988	6.54189e-06	6.54189e-06	6.54189e-06	7.19608e-05	6.54189e-06	6.54189e-06	
40	( 6377 )	6	39	-1	-1	6
0	5	0
0	2	1
1	2	0
1	0	0
2	0	1
0	3	0
0.0103636	0.965664	0.0222794	0.000329252	0.00111318	1.56787e-05	1.56787e-05	1.56787e-05	0.000172465	1.56787e-05	1.56787e-05	
41	( 8908 )	6	39	-1	-1	6
0	5	0
0	2	1
1	2	0
1	0	0
2	0	1
0	3	1
0.0185316	0.908521	0.0712867	0.000909183	0.000684693	1.12245e-05	1.12245e-05	1.12245e-05	1.12245e-05	1.12245e-05	1.12245e-05	
42	( 13866 )	4	36	43	44	4
0	5	0
0	2	1
1	2	0
1	0	1
0.0235161	0.828443	0.132407	0.00440611	0.00606471	0.000944682	0.00202638	0.000295664	0.00152159	0.000295664	7.93244e-05	
43	( 6774 )	5	42	-1	-1	5
0	5	0
0	2	1
1	2	0
1	0	1
0	3	0
0.0236306	0.877345	0.082818	0.00429514	0.00665673	0.000457558	0.00149075	0.000162359	0.00281915	0.000162359	0.000162359	
44	( 7092 )	5	42	45	46	5
0	5	0
0	2	1
1	2	0
1	0	1
0	3	1
0.0234171	0.781619	0.179766	0.00452552	0.0055124	0.00142392	0.00255178	0.000437044	0.000296062	0.000437044	1.40982e-05	
45	( 2998 )	6	44	-1	-1	6
0	5	0
0	2	1
1	2	0
1	0	1
0	3	1
1	1	0
0.0187056	0.75426	0.226101	0.00070021	3.33433e-05	3.33433e-05	3.33433e-05	3.33433e-05	3.33433e-05	3.33433e-05	3.33433e-05	
46	( 4094 )	6	44	47	48	6
0	5	0
0	2	1
1	2	0
1	0	1
0	3	1
1	1	1
0.0268858	0.80147	0.145808	0.00735025	0.009548	0.00246636	0.00441992	0.000757002	0.000512808	0.000757002	2.44194e-05	
47	( 1456 )	7	46	-1	-1	7
0	5	0
0	2	1
1	2	0
1	0	1
0	3	1
1	1	1
2	2	0
0.0412463	0.853819	0.0762473	0.0158534	0.0035001	0.0041864	0.0041864	0.000754924	6.86295e-05	6.86295e-05	6.86295e-05	
48	( 2638 )	7	46	-1	-1	7
0	5	0
0	2	1
1	2	0
1	0	1
0	3	1
1	1	1
2	2	1
0.0189837	0.772271	0.184192	0.00269031	0.0129211	0.00155356	0.0045849	0.000795726	0.000795726	0.00117464	3.78917e-05	
49	( 42147 )	3	35	50	57	3
0	5	0
0	2	1
1	2	1
0.0287344	0.859424	0.0386281	0.0232537	0.0288056	0.00455774	0.00873349	0.00135475	0.00510343	0.000642971	0.0007616	
50	( 11014 )	4	49	51	52	4
0	5	0
0	2	1
1	2	1
2	2	0
0.0275168	0.876715	0.033327	0.0524825	0.00472987	0.0016432	0.00173398	0.000372216	0.00118928	0.000281432	9.07845e-06	
51	( 2306 )	5	50	-1	-1	5
0	5	0
0	2	1
1	2	1
2	2	0
3	1	0
0.0559577	0.822721	0.0529236	0.0468554	0.0191149	4.33445e-05	0.000910234	0.000910234	0.000476789	4.33445e-05	4.33445e-05	
52	( 8708 )	5	50	53	54	5
0	5	0
0	2	1
1	2	1
2	2	0
3	1	1
0.0199906	0.890919	0.028143	0.053978	0.000930062	0.00207829	0.00196346	0.000241127	0.00138935	0.00035595	1.14822e-05	
53	( 4751 )	6	52	-1	-1	6
0	5	0
0	2	1
1	2	1
2	2	0
3	1	1
2	0	0
0.0153827	0.926559	0.0240104	0.0332695	0.00044191	0.000231477	2.10433e-05	2.10433e-05	2.10433e-05	2.10433e-05	2.10433e-05	
54	( 3957 )	6	52	55	56	6
0	5	0
0	2	1
1	2	1
2	2	0
3	1	1
2	0	1
0.0255426	0.847907	0.033122	0.078851	0.00154114	0.00432025	0.00432025	0.000530558	0.00305702	0.000783204	2.52646e-05	
55	( 1323 )	7	54	-1	-1	7
0	5	0
0	2	1
1	2	1
2	2	0
3	1	1
2	0	1
1	4	0
0.0317952	0.78778	0.0552073	0.0861717	0.00234121	0.0129144	0.011404	0.00158598	0.00838305	0.00234121	7.5523e-05	
56	( 2634 )	7	54	-1	-1	7
0	5	0
0	2	1
1	2	1
2	2	0
3	1	1
2	0	1
1	4	1
0.022428	0.877803	0.0220485	0.0751774	0.00117643	3.79492e-05	0.000796934	3.79492e-05	0.000417441	3.79492e-05	3.79492e-05	
57	( 31133 )	4	49	58	65	4
0	5	0
0	2	1
1	2	1
2	2	1
0.0291674	0.85328	0.0405054	0.0129151	0.0373256	0.00559194	0.0112128	0.00170553	0.00649127	0.000774071	0.00103102	
58	( 9400 )	5	57	59	62	5
0	5	0
0	2	1
1	2	1
2	2	1
3	2	0
0.0177745	0.856187	0.0396868	0.0121369	0.0709598	0.00064886	0.000755231	1.06371e-05	0.00139345	1.06371e-05	0.000436119	
59	( 5350 )	6	58	60	61	6
0	5	0
0	2	1
1	2	1
2	2	1
3	2	0
3	0	0
0.0108576	0.91142	0.0280503	0.0108576	0.0387023	1.86877e-05	1.86877e-05	1.86877e-05	1.86877e-05	1.86877e-05	1.86877e-05	
60	( 2917 )	7	59	-1	-1	7
0	5	0
0	2	1
1	2	1
2	2	1
3	2	0
3	0	0
2	4	0
0.00620267	0.952709	0.0185395	0.00723073	0.0151126	3.42689e-05	3.42689e-05	3.42689e-05	3.42689e-05	3.42689e-05	3.42689e-05	
61	( 2433 )	7	59	-1	-1	7
0	5	0
0	2	1
1	2	1
2	2	1
3	2	0
3	0	0
2	4	1
0.0164743	0.86155	0.0394807	0.0152418	0.0670063	4.10829e-05	4.10829e-05	4.10829e-05	4.10829e-05	4.10829e-05	4.10829e-05	
62	( 4050 )	6	58	63	64	6
0	5	0
0	2	1
1	2	1
2	2	1
3	2	0
3	0	1
0.026931	0.783022	0.0550715	0.0138481	0.113574	0.00150576	0.00175261	2.46847e-05	0.00323369	2.46847e-05	0.00101207	
63	( 2772 )	7	62	-1	-1	7
0	5	0
0	2	1
1	2	1
2	2	1
3	2	0
3	0	1
0	4	0
0.0245574	0.835924	0.038621	0.0140997	0.0786484	0.00111788	0.0021997	3.60607e-05	0.00436335	3.60607e-05	0.000396668	
64	( 1278 )	7	62	-1	-1	7
0	5	0
0	2	1
1	2	1
2	2	1
3	2	0
3	0	1
0	4	1
0.032132	0.667735	0.0907669	0.0133688	0.189274	0.00242358	0.00085998	7.818e-05	0.00085998	7.818e-05	0.00242358	
65	( 21733 )	5	57	66	71	5
0	5	0
0	2	1
1	2	1
2	2	1
3	2	1
0.0340985	0.851984	0.0408621	0.0132557	0.0227799	0.00773439	0.0157402	0.00244317	0.00870061	0.00110886	0.0012929	
66	( 4664 )	6	65	67	68	6
0	5	0
0	2	1
1	2	1
2	2	1
3	2	1
5	2	0
0.0236008	0.818653	0.054897	0.0188849	0.0190993	0.0128829	0.0503955	2.14358e-05	0.00152194	2.14358e-05	2.14358e-05	
67	( 1126 )	7	66	-1	-1	7
0	5	0
0	2	1
1	2	1
2	2	1
3	2	1
5	2	0
4	2	0
0.0462248	0.838524	0.0471121	0.0133972	0.0249312	0.0284802	0.000975956	8.87233e-05	8.87233e-05	8.87233e-05	8.87233e-05	
68	( 3538 )	7	66	69	70	7
0	5	0
0	2	1
1	2	1
2	2	1
3	2	1
5	2	0
4	2	1
0.0164166	0.812099	0.0573875	0.020655	0.0172643	0.00793987	0.0661468	2.82558e-05	0.00200616	2.82558e-05	2.82558e-05	
69	( 2135 )	8	68	-1	-1	8
0	5	0
0	2	1
1	2	1
2	2	1
3	2	1
5	2	0
4	2	1
2	9	0
0.0154955	0.76312	0.0669912	0.0262628	0.023454	0.00613267	0.0950798	4.68143e-05	0.00332381	4.68143e-05	4.68143e-05	
70	( 1403 )	8	68	-1	-1	8
0	5	0
0	2	1
1	2	1
2	2	1
3	2	1
5	2	0
4	2	1
2	9	1
0.0178762	0.886048	0.0428032	0.0121786	0.00790542	0.0107542	0.0221494	7.122e-05	7.122e-05	7.122e-05	7.122e-05	
71	( 17069 )	6	65	72	79	6
0	5	0
0	2	1
1	2	1
2	2	1
3	2	1
5	2	1
0.0369711	0.861044	0.0370297	0.0117223	0.0237901	0.00633271	0.00627413	0.0031107	0.0106678	0.00141183	0.00164615	
72	( 8243 )	7	71	73	74	7
0	5	0
0	2	1
1	2	1
2	2	1
3	2	1
5	2	1
2	8	0
0.0461057	0.808833	0.0507151	0.0167514	0.0348249	0.00692617	0.00801786	0.00462149	0.0180857	0.00243811	0.0026807	
73	( 1754 )	8	72	-1	-1	8
0	5	0
0	2	1
1	2	1
2	2	1
3	2	1
5	2	1
2	8	0
7	2	0
0.0302547	0.763546	0.0615919	0.0125919	0.0473477	0.0108826	0.00689419	0.00689419	0.0576036	0.00119651	0.00119651	
74	( 6489 )	8	72	75	78	8
0	5	0
0	2	1
1	2	1
2	2	1
3	2	1
5	2	1
2	8	0
7	2	1
0.0503998	0.820958	0.0477805	0.0178888	0.0314479	0.00587048	0.00833577	0.00402151	0.00741129	0.00278886	0.00309702	
75	( 2949 )	9	74	76	77	9
0	5	0
0	2	1
1	2	1
2	2	1
3	2	1
5	2	1
2	8	0
7	2	1
4	5	0
0.0671503	0.75933	0.0664723	0.0173214	0.0424053	0.010203	0.0115589	0.00444053	0.0118979	0.00410156	0.00511847	
76	( 914 )	10	75	-1	-1	10
0	5	0
0	2	1
1	2	1
2	2	1
3	2	1
5	2	1
2	8	0
7	2	1
4	5	0
4	2	0
0.0317998	0.872145	0.0328926	0.00994427	0.0285215	0.0241504	0.000109278	0.000109278	0.000109278	0.000109278	0.000109278	
77	( 2035 )	10	75	-1	-1	10
0	5	0
0	2	1
1	2	1
2	2	1
3	2	1
5	2	1
2	8	0
7	2	1
4	5	0
4	2	1
0.0830509	0.708266	0.0815775	0.0206768	0.0486715	0.00397819	0.0167477	0.00643387	0.0172388	0.00594273	0.00741614	
78	( 3540 )	9	74	-1	-1	9
0	5	0
0	2	1
1	2	1
2	2	1
3	2	1
5	2	1
2	8	0
7	2	1
4	5	1
0.0364576	0.872074	0.0322216	0.0183841	0.0223377	0.00228742	0.0056762	0.00369942	0.00369942	0.00172263	0.00144023	
79	( 8826 )	7	71	80	81	7
0	5	0
0	2	1
1	2	1
2	2	1
3	2	1
5	2	1
2	8	1
0.0284465	0.90971	0.0242549	0.00703515	0.0134925	0.00578899	0.00465612	0.00171064	0.00374982	0.000464479	0.000691054	
80	( 3168 )	8	79	-1	-1	8
0	5	0
0	2	1
1	2	1
2	2	1
3	2	1
5	2	1
2	8	1
3	11	0
0.0252753	0.890821	0.0413682	0.00760468	0.0271686	0.00160929	0.00318702	0.000662649	0.00160929	3.15547e-05	0.000662649	
81	( 5658 )	8	79	-1	-1	8
0	5	0
0	2	1
1	2	1
2	2	1
3	2	1
5	2	1
2	8	1
3	11	1
0.0302345	0.920129	0.0146843	0.00673252	0.00584899	0.00814617	0.00549557	0.00231486	0.00496545	0.000724497	0.000724497	
82	( 127228 )	1	0	83	138	1
0	5	1
0.044739	0.407659	0.319566	0.0843919	0.0867812	0.00912606	0.0253409	0.0032076	0.0136297	0.00345911	0.00209936	
83	( 67978 )	2	82	84	123	2
0	5	1
1	5	0
0.0195516	0.49227	0.459702	0.00941613	0.0124465	0.00110475	0.00247282	0.000722281	0.00153135	0.000295679	0.000486914	
84	( 43510 )	3	83	85	104	3
0	5	1
1	5	0
0	14	0
0.0193307	0.678174	0.270209	0.0124359	0.0127806	0.00131231	0.00269127	0.000944587	0.00131231	0.000393003	0.000415986	
85	( 29965 )	4	84	86	97	4
0	5	1
1	5	0
0	14	0
1	2	0
0.0143195	0.685511	0.296805	0.00100447	0.00143829	0.00010345	0.000604016	0.000136821	3.67081e-05	3.67081e-05	3.3371e-06	
86	( 16270 )	5	85	87	94	5
0	5	1
1	5	0
0	14	0
1	2	0
1	0	0
0.0179521	0.804561	0.176208	0.000313439	0.000682191	6.76045e-05	6.14587e-06	0.000190522	6.14587e-06	6.14587e-06	6.14587e-06	
87	( 8973 )	6	86	88	93	6
0	5	1
1	5	0
0	14	0
1	2	0
1	0	0
5	0	0
0.0120458	0.873079	0.113449	0.00045687	0.000902597	1.11432e-05	1.11432e-05	1.11432e-05	1.11432e-05	1.11432e-05	1.11432e-05	
88	( 8591 )	7	87	89	90	7
0	5	1
1	5	0
0	14	0
1	2	0
1	0	0
5	0	0
4	12	0
0.0119994	0.891877	0.0946334	0.000477183	0.000942726	1.16386e-05	1.16386e-05	1.16386e-05	1.16386e-05	1.16386e-05	1.16386e-05	
89	( 619 )	8	88	-1	-1	8
0	5	1
1	5	0
0	14	0
1	2	0
1	0	0
5	0	0
4	12	0
4	0	0
0.064667	0.60974	0.324303	0.000161264	0.000161264	0.000161264	0.000161264	0.000161264	0.000161264	0.000161264	0.000161264	
90	( 7972 )	8	88	91	92	8
0	5	1
1	5	0
0	14	0
1	2	0
1	0	0
5	0	0
4	12	0
4	0	1
0.00791411	0.91371	0.0767706	0.000514229	0.00101592	1.25422e-05	1.25422e-05	1.25422e-05	1.25422e-05	1.25422e-05	1.25422e-05	
91	( 6395 )	9	90	-1	-1	9
0	5	1
1	5	0
0	14	0
1	2	0
1	0	0
5	0	0
4	12	0
4	0	1
7	0	0
0.00595675	0.936367	0.0558309	0.000641016	0.00111005	1.56345e-05	1.56345e-05	1.56345e-05	1.56345e-05	1.56345e-05	1.56345e-05	
92	( 1577 )	9	90	-1	-1	9
0	5	1
1	5	0
0	14	0
1	2	0
1	0	0
5	0	0
4	12	0
4	0	1
7	0	1
0.0159052	0.821304	0.16165	6.33673e-05	0.000697041	6.33673e-05	6.33673e-05	6.33673e-05	6.33673e-05	6.33673e-05	6.33673e-05	
93	( 382 )	7	87	-1	-1	7
0	5	1
1	5	0
0	14	0
1	2	0
1	0	0
5	0	0
4	12	1
0.0133125	0.44923	0.535369	0.000261028	0.000261028	0.000261028	0.000261028	0.000261028	0.000261028	0.000261028	0.000261028	
94	( 7297 )	6	86	95	96	6
0	5	1
1	5	0
0	14	0
1	2	0
1	0	0
5	0	1
0.0252257	0.720201	0.253367	0.000150724	0.000424768	0.000150724	1.37022e-05	0.000424768	1.37022e-05	1.37022e-05	1.37022e-05	
95	( 7030 )	7	94	-1	-1	7
0	5	1
1	5	0
0	14	0
1	2	0
1	0	0
5	0	1
0	12	0
0.0256148	0.735888	0.237246	0.000156448	0.000440898	0.000156448	1.42225e-05	0.000440898	1.42225e-05	1.42225e-05	1.42225e-05	
96	( 267 )	7	94	-1	-1	7
0	5	1
1	5	0
0	14	0
1	2	0
1	0	0
5	0	1
0	12	1
0.0152928	0.306229	0.675494	0.000372995	0.000372995	0.000372995	0.000372995	0.000372995	0.000372995	0.000372995	0.000372995	
97	( 13695 )	5	85	98	101	5
0	5	1
1	5	0
0	14	0
1	2	0
1	0	1
0.0100101	0.544031	0.44006	0.00183264	0.00234373	0.000153328	0.00132154	8.03148e-05	8.03148e-05	8.03148e-05	7.30135e-06	
98	( 6204 )	6	97	99	100	6
0	5	1
1	5	0
0	14	0
1	2	0
1	0	1
3	2	0
0.00855748	0.618217	0.363749	0.00259464	0.00485085	0.000177274	0.00162769	1.61158e-05	0.000177274	1.61158e-05	1.61158e-05	
99	( 983 )	7	98	-1	-1	7
0	5	1
1	5	0
0	14	0
1	2	0
1	0	1
3	2	0
4	2	0
0.0275379	0.424855	0.531552	0.00416624	0.00315009	0.00111777	0.00721471	0.000101616	0.000101616	0.000101616	0.000101616	
100	( 5221 )	7	98	-1	-1	7
0	5	1
1	5	0
0	14	0
1	2	0
1	0	1
3	2	0
4	2	1
0.00499799	0.654545	0.332069	0.00231708	0.00518948	1.91494e-05	0.000593631	1.91494e-05	0.000210643	1.91494e-05	1.91494e-05	
101	( 7491 )	6	97	102	103	6
0	5	1
1	5	0
0	14	0
1	2	0
1	0	1
3	2	1
0.0112252	0.482522	0.50321	0.00121461	0.000280295	0.000146821	0.00108114	0.000146821	1.33474e-05	0.000146821	1.33474e-05	
102	( 5315 )	7	101	-1	-1	7
0	5	1
1	5	0
0	14	0
1	2	0
1	0	1
3	2	1
3	8	0
0.00754312	0.522018	0.466902	0.00114746	0.000395026	0.000206919	0.00133557	0.000206919	1.88108e-05	0.000206919	1.88108e-05	
103	( 2176 )	7	101	-1	-1	7
0	5	1
1	5	0
0	14	0
1	2	0
1	0	1
3	2	1
3	8	1
0.0202563	0.38588	0.591659	0.00142391	4.59327e-05	4.59327e-05	0.000505259	4.59327e-05	4.59327e-05	4.59327e-05	4.59327e-05	
104	( 13545 )	4	84	105	108	4
0	5	1
1	5	0
0	14	0
1	2	1
0.030422	0.661895	0.21136	0.0377304	0.0378781	0.00399377	0.00731576	0.0027388	0.00414141	0.00118853	0.00133618	
105	( 3851 )	5	104	106	107	5
0	5	1
1	5	0
0	14	0
1	2	1
2	2	0
0.0272838	0.751304	0.115807	0.0958179	0.00677553	0.000804756	0.000804756	2.59599e-05	0.00132395	2.59599e-05	2.59599e-05	
106	( 2585 )	6	105	-1	-1	6
0	5	1
1	5	0
0	14	0
1	2	1
2	2	0
0	8	0
0.0278798	0.803952	0.065388	0.0905224	0.00931905	0.000812034	0.000425351	3.86683e-05	0.0015854	3.86683e-05	3.86683e-05	
107	( 1266 )	6	105	-1	-1	6
0	5	1
1	5	0
0	14	0
1	2	1
2	2	0
0	8	1
0.0261226	0.64328	0.218688	0.106621	0.00165733	0.000868124	0.00165733	7.89204e-05	0.000868124	7.89204e-05	7.89204e-05	
108	( 9694 )	5	104	109	118	5
0	5	1
1	5	0
0	14	0
1	2	1
2	2	1
0.0316758	0.626306	0.249312	0.0146569	0.0502419	0.0052707	0.00991222	0.00382668	0.0052707	0.00166063	0.00186692	
109	( 5315 )	6	108	110	113	6
0	5	1
1	5	0
0	14	0
1	2	1
2	2	1
0	8	0
0.0412144	0.686612	0.151069	0.019582	0.0667971	0.00660258	0.012622	0.00415718	0.00660258	0.00284043	0.00189989	
110	( 2286 )	7	109	111	112	7
0	5	1
1	5	0
0	14	0
1	2	1
2	2	1
0	8	0
3	2	0
0.0232172	0.704866	0.148266	0.0166587	0.100608	0.00135543	0.0022299	0.000480958	0.000480958	4.37235e-05	0.00179266	
111	( 580 )	8	110	-1	-1	8
0	5	1
1	5	0
0	14	0
1	2	1
2	2	1
0	8	0
3	2	0
4	4	0
0.0466357	0.564619	0.148167	0.0466357	0.177422	0.00533471	0.00877646	0.00189296	0.000172087	0.000172087	0.000172087	
112	( 1706 )	8	110	-1	-1	8
0	5	1
1	5	0
0	14	0
1	2	1
2	2	1
0	8	0
3	2	0
4	4	1
0.0152891	0.752211	0.148263	0.00650226	0.0744538	5.85789e-05	5.85789e-05	5.85789e-05	0.000644368	5.85789e-05	0.00240173	
113	( 3029 )	7	109	114	117	7
0	5	1
1	5	0
0	14	0
1	2	1
2	2	1
0	8	0
3	2	1
0.0548167	0.672618	0.153163	0.0218145	0.0412858	0.0105937	0.0204944	0.00696347	0.0112538	0.00498333	0.00201313	
114	( 2015 )	8	113	115	116	8
0	5	1
1	5	0
0	14	0
1	2	1
2	2	1
0	8	0
3	2	1
2	8	0
0.0605625	0.645851	0.143396	0.0193939	0.0605625	0.0149298	0.02485	0.00748971	0.0159218	0.00451366	0.00252964	
115	( 1126 )	9	114	-1	-1	9
0	5	1
1	5	0
0	14	0
1	2	1
2	2	1
0	8	0
3	2	1
2	8	0
1	4	0
0.0338036	0.712537	0.165114	0.0151717	0.0409014	0.00452489	0.0116227	0.00275042	0.00718659	0.00275042	0.00363765	
116	( 889 )	9	114	-1	-1	9
0	5	1
1	5	0
0	14	0
1	2	1
2	2	1
0	8	0
3	2	1
2	8	0
1	4	1
0.0944838	0.560724	0.11583	0.0248287	0.085496	0.0281991	0.0416807	0.013594	0.0270756	0.00685316	0.00123582	
117	( 1014 )	8	113	-1	-1	8
0	5	1
1	5	0
0	14	0
1	2	1
2	2	1
0	8	0
3	2	1
2	8	1
0.043444	0.72515	0.172495	0.0266969	0.00305389	0.00206876	0.01192	0.00600926	0.00206876	0.00600926	0.00108364	
118	( 4379 )	6	108	119	122	6
0	5	1
1	5	0
0	14	0
1	2	1
2	2	1
0	8	1
0.0201137	0.552978	0.368508	0.00869843	0.0301591	0.00367572	0.00664368	0.00344741	0.00367572	0.000251136	0.00184927	
119	( 4161 )	7	118	120	121	7
0	5	1
1	5	0
0	14	0
1	2	1
2	2	1
0	8	1
0	13	0
0.018284	0.574013	0.349127	0.00867351	0.031018	0.00386824	0.00627087	0.00290719	0.00386824	0.00026429	0.00170587	
120	( 1093 )	8	119	-1	-1	8
0	5	1
1	5	0
0	14	0
1	2	1
2	2	1
0	8	1
0	13	0
5	2	0
0.0174573	0.447948	0.456174	0.0101453	0.0448771	0.00283338	0.0183713	9.13993e-05	0.00191939	9.13993e-05	9.13993e-05	
121	( 3068 )	8	119	-1	-1	8
0	5	1
1	5	0
0	14	0
1	2	1
2	2	1
0	8	1
0	13	0
5	2	1
0.0186048	0.618781	0.310873	0.00817829	0.0260989	0.00426835	0.00198755	0.00394252	0.00459418	0.000358411	0.00231338	
122	( 218 )	7	118	-1	-1	7
0	5	1
1	5	0
0	14	0
1	2	1
2	2	1
0	8	1
0	13	1
0.0552259	0.151073	0.735281	0.00958466	0.0141488	0.000456413	0.0141488	0.0141488	0.000456413	0.000456413	0.00502054	
123	( 24468 )	3	83	124	131	3
0	5	1
1	5	0
0	14	1
0.0199476	0.161677	0.796641	0.00405001	0.0118558	0.000739708	0.00208835	0.00033103	0.00192488	0.00012669	0.000617105	
124	( 8273 )	4	123	125	126	4
0	5	1
1	5	0
0	14	1
2	13	0
0.0354238	0.274362	0.671505	0.0106477	0.00484645	0.000616381	0.000978958	0.000132945	0.00122068	0.000132945	0.000132945	
125	( 2213 )	5	124	-1	-1	5
0	5	1
1	5	0
0	14	1
2	13	0
1	0	0
0.0601147	0.379432	0.558286	0.00185177	4.51651e-05	4.51651e-05	4.51651e-05	4.51651e-05	4.51651e-05	4.51651e-05	4.51651e-05	
126	( 6060 )	5	124	127	130	5
0	5	1
1	5	0
0	14	1
2	13	0
1	0	1
0.0264143	0.235947	0.712758	0.0138754	0.00661596	0.000841431	0.00133639	0.000181485	0.00166636	0.000181485	0.000181485	
127	( 3641 )	6	126	128	129	6
0	5	1
1	5	0
0	14	1
2	13	0
1	0	1
1	2	0
0.0159523	0.205953	0.768266	0.00661706	0.00057659	0.000302024	0.000851157	0.000302024	0.00112572	2.74567e-05	2.74567e-05	
128	( 1639 )	7	127	-1	-1	7
0	5	1
1	5	0
0	14	1
2	13	0
1	0	1
1	2	0
2	2	0
0.0250594	0.282361	0.678678	0.0104262	6.09719e-05	0.000670691	0.00189013	0.000670691	6.09719e-05	6.09719e-05	6.09719e-05	
129	( 2002 )	7	127	-1	-1	7
0	5	1
1	5	0
0	14	1
2	13	0
1	0	1
1	2	0
2	2	1
0.00853677	0.143328	0.841246	0.00354451	0.00104838	4.99226e-05	4.99226e-05	4.99226e-05	0.00204683	4.99226e-05	4.99226e-05	
130	( 2419 )	6	126	-1	-1	6
0	5	1
1	5	0
0	14	1
2	13	0
1	0	1
1	2	1
0.0421883	0.281021	0.628941	0.0248337	0.0157432	0.00169414	0.00210735	4.13206e-05	0.00252056	0.000454527	0.000454527	
131	( 16195 )	4	123	132	135	4
0	5	1
1	5	0
0	14	1
2	13	1
0.0120461	0.104105	0.860522	0.00068535	0.015442	0.000808837	0.00266113	0.000438377	0.00229067	0.000129661	0.00087058	
132	( 11351 )	5	131	133	134	5
0	5	1
1	5	0
0	14	1
2	13	1
1	2	0
0.0101391	0.114701	0.871389	9.68984e-05	0.00300385	8.80894e-06	0.000273077	8.80894e-06	9.68984e-05	9.68984e-05	0.000184988	
133	( 4082 )	6	132	-1	-1	6
0	5	1
1	5	0
0	14	1
2	13	1
1	2	0
1	0	0
0.0218217	0.161666	0.816071	2.44912e-05	0.000269403	2.44912e-05	2.44912e-05	2.44912e-05	2.44912e-05	2.44912e-05	2.44912e-05	
134	( 7269 )	6	132	-1	-1	6
0	5	1
1	5	0
0	14	1
2	13	1
1	2	0
1	0	1
0.00359005	0.0883207	0.90234	0.000151305	0.00455289	1.3755e-05	0.000426404	1.3755e-05	0.000151305	0.000151305	0.000288854	
135	( 4844 )	5	131	136	137	5
0	5	1
1	5	0
0	14	1
2	13	1
1	2	1
0.0165322	0.079276	0.834885	0.00208458	0.0446018	0.00270376	0.0082764	0.0014654	0.00745083	0.000227033	0.00249737	
136	( 1891 )	6	135	-1	-1	6
0	5	1
1	5	0
0	14	1
2	13	1
1	2	1
6	18	0
0.0180223	0.139052	0.764283	0.00428096	0.0513186	0.00533798	0.0100946	0.00110988	0.00375244	5.28513e-05	0.00269542	
137	( 2953 )	6	135	-1	-1	6
0	5	1
1	5	0
0	14	1
2	13	1
1	2	1
6	18	1
0.0156054	0.0409939	0.879828	0.000710876	0.0403168	0.00104939	0.00714262	0.00172641	0.00985072	0.000372364	0.00240344	
138	( 59250 )	2	82	139	164	2
0	5	1
1	5	1
0.0736375	0.310578	0.158784	0.170412	0.172066	0.0183305	0.0515788	0.00606065	0.0275117	0.00709016	0.00395098	
139	( 17238 )	3	138	140	153	3
0	5	1
1	5	1
2	5	0
0.0417713	0.360175	0.115209	0.448811	0.0148558	0.00406634	0.00864894	0.001514	0.00192005	0.00244212	0.000585877	
140	( 8860 )	4	139	141	148	4
0	5	1
1	5	1
2	5	0
0	13	0
0.0426696	0.554344	0.0819424	0.276162	0.0239361	0.00531537	0.0103937	0.00136552	0.00170408	0.00102696	0.00113981	
141	( 5329 )	5	140	142	145	5
0	5	1
1	5	1
2	5	0
0	13	0
2	2	0
0.0364158	0.49757	0.0805051	0.37731	0.00414626	0.000769216	0.00208251	0.00095683	1.87614e-05	0.000206375	1.87614e-05	
142	( 2457 )	6	141	143	144	6
0	5	1
1	5	1
2	5	0
0	13	0
2	2	0
2	0	0
0.0476384	0.597657	0.0907612	0.258777	0.00126114	4.06818e-05	0.00370205	4.06818e-05	4.06818e-05	4.06818e-05	4.06818e-05	
143	( 518 )	7	142	-1	-1	7
0	5	1
1	5	1
2	5	0
0	13	0
2	2	0
2	0	0
3	2	0
0.129262	0.412445	0.16779	0.283375	0.00597187	0.000192641	0.000192641	0.000192641	0.000192641	0.000192641	0.000192641	
144	( 1939 )	7	142	-1	-1	7
0	5	1
1	5	1
2	5	0
0	13	0
2	2	0
2	0	0
3	2	1
0.0258234	0.646925	0.070151	0.2521	5.15437e-05	5.15437e-05	0.00469048	5.15437e-05	5.15437e-05	5.15437e-05	5.15437e-05	
145	( 2872 )	6	141	146	147	6
0	5	1
1	5	1
2	5	0
0	13	0
2	2	0
2	0	1
0.0268351	0.411785	0.0717344	0.478612	0.00664787	0.00142703	0.000730918	0.00177509	3.48056e-05	0.000382862	3.48056e-05	
146	( 580 )	7	145	-1	-1	7
0	5	1
1	5	1
2	5	0
0	13	0
2	2	0
2	0	1
4	2	0
0.0552401	0.292721	0.15333	0.478575	0.00189296	0.00705558	0.00189296	0.00877646	0.000172087	0.000172087	0.000172087	
147	( 2292 )	7	145	-1	-1	7
0	5	1
1	5	1
2	5	0
0	13	0
2	2	0
2	0	1
4	2	1
0.0196677	0.441804	0.0510662	0.478435	0.00789324	4.36091e-05	0.0004797	4.36091e-05	4.36091e-05	0.0004797	4.36091e-05	
148	( 3531 )	5	140	149	150	5
0	5	1
1	5	1
2	5	0
0	13	0
2	2	1
0.052122	0.639874	0.0841143	0.123468	0.0538207	0.0122024	0.0229608	0.00201014	0.00427508	0.00229325	0.00285949	
149	( 1292 )	6	148	-1	-1	6
0	5	1
1	5	1
2	5	0
0	13	0
2	2	1
3	2	0
0.0302374	0.715413	0.0673575	0.0882376	0.0897842	0.00703735	0.000850669	7.73335e-05	0.000850669	7.73335e-05	7.73335e-05	
150	( 2239 )	6	148	151	152	6
0	5	1
1	5	1
2	5	0
0	13	0
2	2	1
3	2	1
0.0647739	0.596	0.0937905	0.143788	0.0330789	0.0152225	0.0357573	0.0031695	0.00629436	0.00361591	0.00450873	
151	( 1343 )	7	150	-1	-1	7
0	5	1
1	5	1
2	5	0
0	13	0
2	2	1
3	2	1
1	9	0
0.0729856	0.5789	0.111673	0.100513	0.0528978	0.0209062	0.038762	0.00528235	0.00751432	0.00602634	0.00453835	
152	( 896 )	7	150	-1	-1	7
0	5	1
1	5	1
2	5	0
0	13	0
2	2	1
3	2	1
1	9	1
0.0525025	0.621001	0.0669936	0.208561	0.00345558	0.00679969	0.0313232	0.00011147	0.00457028	0.00011147	0.00457028	
153	( 8378 )	4	139	154	159	4
0	5	1
1	5	1
2	5	0
0	13	1
0.0408278	0.154802	0.150386	0.631345	0.0052631	0.00275686	0.00681457	0.00168276	0.00216014	0.0039503	1.19345e-05	
154	( 2289 )	5	153	155	156	5
0	5	1
1	5	1
2	5	0
0	13	1
1	14	0
0.0428366	0.308327	0.267718	0.350683	0.0131435	0.00179031	0.0113969	4.36662e-05	0.00266364	0.00135365	4.36662e-05	
155	( 1220 )	6	154	-1	-1	6
0	5	1
1	5	1
2	5	0
0	13	1
1	14	0
1	11	0
0.0377528	0.40054	0.295717	0.240029	0.011547	0.00253869	0.0099091	8.18934e-05	0.00171976	8.18934e-05	8.18934e-05	
156	( 1069 )	6	154	157	158	6
0	5	1
1	5	1
2	5	0
0	13	1
1	14	0
1	11	1
0.048687	0.202878	0.235585	0.476684	0.0150453	0.00102794	0.0131763	9.34492e-05	0.00383142	0.00289693	9.34492e-05	
157	( 560 )	7	156	-1	-1	7
0	5	1
1	5	1
2	5	0
0	13	1
1	14	0
1	11	1
0	16	0
0.0411691	0.144538	0.142755	0.61326	0.0269114	0.00196043	0.0180004	0.000178221	0.00730708	0.00374265	0.000178221	
158	( 509 )	7	156	-1	-1	7
0	5	1
1	5	1
2	5	0
0	13	1
1	14	0
1	11	1
0	16	1
0.0570476	0.26681	0.337385	0.325622	0.00215644	0.00019604	0.00803764	0.00019604	0.00019604	0.00215644	0.00019604	
159	( 6089 )	5	153	160	163	5
0	5	1
1	5	1
2	5	0
0	13	1
1	14	1
0.0400814	0.0970592	0.106254	0.736786	0.00231523	0.00313624	0.00510665	0.00231523	0.00198683	0.00494245	1.64201e-05	
160	( 4575 )	6	159	161	162	6
0	5	1
1	5	1
2	5	0
0	13	1
1	14	1
2	2	0
0.0376084	0.0828435	0.0966107	0.77601	0.000895959	0.00111449	0.00155154	0.00198859	0.000240379	0.00111449	2.18527e-05	
161	( 1791 )	7	160	-1	-1	7
0	5	1
1	5	1
2	5	0
0	13	1
1	14	1
2	2	0
2	0	0
0.0558563	0.0988226	0.146811	0.696446	0.00172981	5.58005e-05	5.58005e-05	5.58005e-05	5.58005e-05	5.58005e-05	5.58005e-05	
162	( 2784 )	7	160	-1	-1	7
0	5	1
1	5	1
2	5	0
0	13	1
1	14	1
2	2	0
2	0	1
0.0258878	0.0725647	0.0643065	0.826936	0.000394959	0.00183117	0.00254928	0.00326739	0.000394959	0.00183117	3.59054e-05	
163	( 1514 )	6	159	-1	-1	6
0	5	1
1	5	1
2	5	0
0	13	1
1	14	1
2	2	1
0.0475876	0.139991	0.135371	0.617847	0.00666623	0.00930632	0.0159065	0.00336611	0.00732625	0.0165666	6.60022e-05	
164	( 42012 )	3	138	165	192	3
0	5	1
1	5	1
2	5	1
0.0867134	0.290221	0.176662	0.0561753	0.236571	0.0241853	0.0691951	0.00792848	0.0380143	0.00899957	0.00533405	
165	( 15534 )	4	164	166	173	4
0	5	1
1	5	1
2	5	1
3	5	0
0.0276857	0.244678	0.222921	0.0297455	0.453238	0.00489858	0.00721592	0.000392659	0.00773088	0.00045703	0.00103636	
166	( 6672 )	5	165	167	170	5
0	5	1
1	5	1
2	5	1
3	5	0
0	13	0
0.0274385	0.472209	0.143726	0.0239918	0.310965	0.00615906	0.00705819	0.000614407	0.00555963	0.000614407	0.00166339	
167	( 4275 )	6	166	168	169	6
0	5	1
1	5	1
2	5	1
3	5	0
0	13	0
3	2	0
0.0189659	0.451369	0.134024	0.0224737	0.370922	0.000491102	2.33858e-05	0.00072496	0.00072496	2.33858e-05	0.000257244	
168	( 1963 )	7	167	-1	-1	7
0	5	1
1	5	1
2	5	1
3	5	0
0	13	0
3	2	0
3	0	0
0.0183799	0.545339	0.138028	0.0305993	0.26684	0.000560053	5.09139e-05	5.09139e-05	5.09139e-05	5.09139e-05	5.09139e-05	
169	( 2312 )	7	167	-1	-1	7
0	5	1
1	5	1
2	5	1
3	5	0
0	13	0
3	2	0
3	0	1
0.0194976	0.371406	0.130604	0.0156068	0.459167	0.000475552	4.3232e-05	0.00134019	0.00134019	4.3232e-05	0.000475552	
170	( 2397 )	6	166	171	172	6
0	5	1
1	5	1
2	5	1
3	5	0
0	13	0
3	2	1
0.0425754	0.509195	0.161002	0.0267295	0.203953	0.0163046	0.0196405	0.000458696	0.0142196	0.00170969	0.00421167	
171	( 848 )	7	170	-1	-1	7
0	5	1
1	5	1
2	5	1
3	5	0
0	13	0
3	2	1
4	5	0
0.0436933	0.572489	0.139088	0.0484042	0.119067	0.044871	0.0236721	0.000117772	0.00365092	0.00129549	0.00365092	
172	( 1549 )	7	170	-1	-1	7
0	5	1
1	5	1
2	5	1
3	5	0
0	13	0
3	2	1
4	5	1
0.0419973	0.474227	0.172957	0.0149023	0.250371	0.000709632	0.0174827	0.000709632	0.0200632	0.00199987	0.00458035	
173	( 8862 )	5	165	174	179	5
0	5	1
1	5	1
2	5	1
3	5	0
0	13	1
0.0278796	0.0733491	0.282531	0.0340851	0.560312	0.00396024	0.00734506	0.000236937	0.00937595	0.000349765	0.000575419	
174	( 2675 )	6	173	175	178	6
0	5	1
1	5	1
2	5	1
3	5	0
0	13	1
1	13	0
0.0224581	0.131572	0.543739	0.0119951	0.262359	0.00713725	0.0146108	3.73678e-05	0.00452151	3.73678e-05	0.00153208	
175	( 1133 )	7	174	176	177	7
0	5	1
1	5	1
2	5	1
3	5	0
0	13	1
1	13	0
2	16	0
0.0388855	0.252271	0.330747	0.0203686	0.307821	0.0168415	0.0212503	8.81756e-05	0.00802398	8.81756e-05	0.0036152	
176	( 586 )	8	175	-1	-1	8
0	5	1
1	5	1
2	5	1
3	5	0
0	13	1
1	13	0
2	16	0
1	11	0
0.0206098	0.265883	0.453245	0.00528019	0.219894	0.0120933	0.0103901	0.000170329	0.00528019	0.000170329	0.00698348	
177	( 547 )	8	175	-1	-1	8
0	5	1
1	5	1
2	5	1
3	5	0
0	13	1
1	13	0
2	16	0
1	11	1
0.058566	0.237365	0.199051	0.0366721	0.401569	0.0220763	0.0330232	0.000182448	0.0111294	0.000182448	0.000182448	
178	( 1542 )	7	174	-1	-1	7
0	5	1
1	5	1
2	5	1
3	5	0
0	13	1
1	13	0
2	16	1
0.0104335	0.0428358	0.699955	0.00589722	0.228825	6.48046e-05	0.0097855	6.48046e-05	0.00200894	6.48046e-05	6.48046e-05	
179	( 6187 )	6	173	180	183	6
0	5	1
1	5	1
2	5	1
3	5	0
0	13	1
1	13	1
0.0302355	0.0481731	0.169535	0.0436483	0.689081	0.00260177	0.00421777	0.000339361	0.0114898	0.000500962	0.000177761	
180	( 604 )	7	179	181	182	7
0	5	1
1	5	1
2	5	1
3	5	0
0	13	1
1	13	1
2	13	0
0.0596596	0.155511	0.132375	0.2745	0.348868	0.0034705	0.00842836	0.000165262	0.0166915	0.000165262	0.000165262	
181	( 350 )	8	180	-1	-1	8
0	5	1
1	5	1
2	5	1
3	5	0
0	13	1
1	13	1
2	13	0
1	18	0
0.0515523	0.142694	0.125605	0.0942751	0.541441	0.0059812	0.00882939	0.000284819	0.0287667	0.000284819	0.000284819	
182	( 254 )	8	180	-1	-1	8
0	5	1
1	5	1
2	5	1
3	5	0
0	13	1
1	13	1
2	13	0
1	18	1
0.0709526	0.172873	0.141513	0.521756	0.0827127	0.000392003	0.00823207	0.000392003	0.000392003	0.000392003	0.000392003	
183	( 5583 )	7	179	184	187	7
0	5	1
1	5	1
2	5	1
3	5	0
0	13	1
1	13	1
2	13	1
0.027059	0.0365502	0.173546	0.0186422	0.725829	0.00252503	0.00377859	0.000376068	0.0109418	0.000555148	0.000196988	
184	( 2572 )	8	183	185	186	8
0	5	1
1	5	1
2	5	1
3	5	0
0	13	1
1	13	1
2	13	1
5	16	0
0.0214139	0.0544479	0.2476	0.019082	0.637402	0.00547977	0.00703432	3.88636e-05	0.00586841	0.00120477	0.0004275	
185	( 1223 )	9	184	-1	-1	9
0	5	1
1	5	1
2	5	1
3	5	0
0	13	1
1	13	1
2	13	1
5	16	0
4	14	0
0.0335757	0.0932113	0.20268	0.0270403	0.623397	0.0115187	0.00171555	8.16927e-05	0.00416633	0.00171555	0.000898619	
186	( 1349 )	9	184	-1	-1	9
0	5	1
1	5	1
2	5	1
3	5	0
0	13	1
1	13	1
2	13	1
5	16	0
4	14	1
0.0104437	0.0193319	0.288201	0.011925	0.649656	7.40686e-05	0.011925	7.40686e-05	0.00748093	0.000814754	7.40686e-05	
187	( 3011 )	8	183	188	191	8
0	5	1
1	5	1
2	5	1
3	5	0
0	13	1
1	13	1
2	13	1
5	16	1
0.0319047	0.0212808	0.110255	0.0182929	0.801135	3.31994e-05	0.00102918	0.000697188	0.0153049	3.31994e-05	3.31994e-05	
188	( 2215 )	9	187	189	190	9
0	5	1
1	5	1
2	5	1
3	5	0
0	13	1
1	13	1
2	13	1
5	16	1
3	2	0
0.0135824	0.0230585	0.105185	0.0217048	0.833491	4.51243e-05	4.51243e-05	4.51243e-05	0.00275258	4.51243e-05	4.51243e-05	
189	( 160 )	10	188	-1	-1	10
0	5	1
1	5	1
2	5	1
3	5	0
0	13	1
1	13	1
2	13	1
5	16	1
3	2	0
4	11	0
0.0192427	0.0751086	0.143389	0.18684	0.571695	0.000620732	0.000620732	0.000620732	0.000620732	0.000620732	0.000620732	
190	( 2055 )	10	188	-1	-1	10
0	5	1
1	5	1
2	5	1
3	5	0
0	13	1
1	13	1
2	13	1
5	16	1
3	2	0
4	11	1
0.0131803	0.0190166	0.102184	0.00880307	0.853606	4.86358e-05	4.86358e-05	4.86358e-05	0.00296678	4.86358e-05	4.86358e-05	
191	( 796 )	9	187	-1	-1	9
0	5	1
1	5	1
2	5	1
3	5	0
0	13	1
1	13	1
2	13	1
5	16	1
3	2	1
0.0829256	0.0164346	0.124326	0.00890729	0.710199	0.000125455	0.0038891	0.00263455	0.0503074	0.000125455	0.000125455	
192	( 26478 )	4	164	193	216	4
0	5	1
1	5	1
2	5	1
3	5	1
0.121345	0.316933	0.149518	0.0716829	0.109449	0.0355035	0.105559	0.0123531	0.0557836	0.0140148	0.00785903	
193	( 8560 )	5	192	194	201	5
0	5	1
1	5	1
2	5	1
3	5	1
5	5	0
0.0597003	0.272173	0.149058	0.0842298	0.0921727	0.0612188	0.264931	0.00246464	0.00888904	0.00316548	0.00199741	
194	( 3168 )	6	193	195	198	6
0	5	1
1	5	1
2	5	1
3	5	1
5	5	0
4	7	0
0.0745006	0.405825	0.13193	0.0445237	0.11426	0.151179	0.0590388	0.00381812	0.0104446	0.00318702	0.00129374	
195	( 1638 )	7	194	196	197	7
0	5	1
1	5	1
2	5	1
3	5	1
5	5	0
4	7	0
4	4	0
0.0897444	0.32829	0.117198	0.0293454	0.137331	0.275212	0.0165335	0.0006711	0.00372155	0.00128119	0.0006711	
196	( 743 )	8	195	-1	-1	8
0	5	1
1	5	1
2	5	1
3	5	1
5	5	0
4	7	0
4	4	0
0	12	0
0.0874882	0.502755	0.0861443	0.0270125	0.0888321	0.182906	0.020293	0.000134391	0.00416611	0.000134391	0.000134391	
197	( 895 )	8	195	-1	-1	8
0	5	1
1	5	1
2	5	1
3	5	1
5	5	0
4	7	0
4	4	0
0	12	1
0.0916192	0.183127	0.142953	0.0313581	0.177547	0.351635	0.013503	0.00122754	0.00345944	0.00234349	0.00122754	
198	( 1530 )	7	194	199	200	7
0	5	1
1	5	1
2	5	1
3	5	1
5	5	0
4	7	0
4	4	1
0.0581935	0.488603	0.147672	0.060806	0.0895435	0.0183528	0.104565	0.00724969	0.0176997	0.00529031	0.00202469	
199	( 649 )	8	198	-1	-1	8
0	5	1
1	5	1
2	5	1
3	5	1
5	5	0
4	7	0
4	4	1
0	8	0
0.0263036	0.678511	0.0862944	0.0232272	0.0339948	0.0047685	0.120135	0.0109214	0.00630672	0.0047685	0.0047685	
200	( 881 )	8	198	-1	-1	8
0	5	1
1	5	1
2	5	1
3	5	1
5	5	0
4	7	0
4	4	1
0	8	1
0.0817368	0.348146	0.192835	0.0885387	0.130484	0.0284548	0.0930733	0.004648	0.0261875	0.00578166	0.000113366	
201	( 5392 )	6	193	202	207	6
0	5	1
1	5	1
2	5	1
3	5	1
5	5	0
4	7	1
0.0510096	0.193599	0.159111	0.107563	0.0791938	0.00836254	0.385882	0.00168734	0.00799169	0.00317072	0.00242903	
202	( 1901 )	7	201	203	206	7
0	5	1
1	5	1
2	5	1
3	5	1
5	5	0
4	7	1
0	13	0
0.046843	0.397508	0.145155	0.0815415	0.0442143	0.00425845	0.265023	0.00162978	0.00846433	0.00268125	0.00268125	
203	( 1230 )	8	202	204	205	8
0	5	1
1	5	1
2	5	1
3	5	1
5	5	0
4	7	1
0	13	0
5	2	0
0.0301357	0.34855	0.15279	0.0861831	0.0358216	0.00333035	0.342052	8.12282e-05	0.00089351	8.12282e-05	8.12282e-05	
204	( 190 )	9	203	-1	-1	9
0	5	1
1	5	1
2	5	1
3	5	1
5	5	0
4	7	1
0	13	0
5	2	0
8	2	0
0.0371533	0.262166	0.0737834	0.335426	0.0737834	0.00575615	0.209838	0.000523286	0.000523286	0.000523286	0.000523286	
205	( 1040 )	9	203	-1	-1	9
0	5	1
1	5	1
2	5	1
3	5	1
5	5	0
4	7	1
0	13	0
5	2	0
8	2	1
0.0289117	0.364134	0.167227	0.040438	0.0289117	0.00297762	0.366055	9.60523e-05	0.00105657	9.60523e-05	9.60523e-05	
206	( 671 )	8	202	-1	-1	8
0	5	1
1	5	1
2	5	1
3	5	1
5	5	0
4	7	1
0	13	0
5	2	1
0.0775182	0.486684	0.131082	0.0730546	0.0596637	0.00610028	0.123642	0.00461241	0.0224669	0.00758816	0.00758816	
207	( 3491 )	7	201	208	209	7
0	5	1
1	5	1
2	5	1
3	5	1
5	5	0
4	7	1
0	13	1
0.0532917	0.0825005	0.166691	0.121732	0.0982503	0.010624	0.451619	0.0017468	0.00776037	0.00346496	0.00231952	
208	( 631 )	8	207	-1	-1	8
0	5	1
1	5	1
2	5	1
3	5	1
5	5	0
4	7	1
0	13	1
1	12	0
0.0302167	0.150451	0.514317	0.0349628	0.0808416	0.00648632	0.171017	0.000158203	0.00806834	0.00174023	0.00174023	
209	( 2860 )	8	207	210	211	8
0	5	1
1	5	1
2	5	1
3	5	1
5	5	0
4	7	1
0	13	1
1	12	1
0.0584041	0.0674915	0.0898605	0.14089	0.102094	0.011569	0.513474	0.00213205	0.0077243	0.00387963	0.00248156	
210	( 498 )	9	209	-1	-1	9
0	5	1
1	5	1
2	5	1
3	5	1
5	5	0
4	7	1
0	13	1
1	12	1
3	14	0
0.0402725	0.0863554	0.218593	0.0763374	0.270687	0.0142256	0.268684	0.000200361	0.00220397	0.0182328	0.00420757	
211	( 2362 )	9	209	212	213	9
0	5	1
1	5	1
2	5	1
3	5	1
5	5	0
4	7	1
0	13	1
1	12	1
3	14	1
0.0622487	0.0635183	0.0626719	0.1545	0.0664805	0.0110448	0.564978	0.00258135	0.00892895	0.000888663	0.00215818	
212	( 335 )	10	211	-1	-1	10
0	5	1
1	5	1
2	5	1
3	5	1
5	5	0
4	7	1
0	13	1
1	12	1
3	14	1
6	6	0
0.172865	0.122285	0.053853	0.0865814	0.0508777	0.0598036	0.419816	0.0181494	0.00624814	0.00029753	0.00922345	
213	( 2027 )	10	211	214	215	10
0	5	1
1	5	1
2	5	1
3	5	1
5	5	0
4	7	1
0	13	1
1	12	1
3	14	1
6	6	1
0.0439327	0.0537942	0.0641487	0.165722	0.0690794	0.00300774	0.588778	4.93072e-05	0.00941768	0.00103545	0.00103545	
214	( 648 )	11	213	-1	-1	11
0	5	1
1	5	1
2	5	1
3	5	1
5	5	0
4	7	1
0	13	1
1	12	1
3	14	1
6	6	1
8	13	0
0.0556155	0.0694808	0.0679402	0.309814	0.0432907	0.00169465	0.446927	0.000154059	0.00169465	0.00323525	0.000154059	
215	( 1379 )	11	213	-1	-1	11
0	5	1
1	5	1
2	5	1
3	5	1
5	5	0
4	7	1
0	13	1
1	12	1
3	14	1
6	6	1
8	13	1
0.0384755	0.0464459	0.0623868	0.0978915	0.081226	0.00369538	0.655097	7.24585e-05	0.013115	7.24585e-05	0.00152163	
216	( 17918 )	5	192	217	232	5
0	5	1
1	5	1
2	5	1
3	5	1
5	5	1
0.150794	0.338304	0.149734	0.0656897	0.117701	0.023221	0.0294155	0.0170823	0.0781903	0.019203	0.0106646	
217	( 4807 )	6	216	218	223	6
0	5	1
1	5	1
2	5	1
3	5	1
5	5	1
7	5	0
0.0636634	0.292028	0.146024	0.0343379	0.172646	0.021443	0.0195711	0.0222749	0.22277	0.00293255	0.0023086	
218	( 1696 )	7	217	219	220	7
0	5	1
1	5	1
2	5	1
3	5	1
5	5	1
7	5	0
6	7	0
0.090802	0.44906	0.120264	0.0613399	0.0813741	0.041895	0.0265747	0.056626	0.0619292	0.00771905	0.00241589	
219	( 914 )	8	218	-1	-1	8
0	5	1
1	5	1
2	5	1
3	5	1
5	5	1
7	5	0
6	7	0
0	13	0
0.0613048	0.621899	0.0623976	0.040542	0.0623976	0.0252431	0.0230576	0.0285215	0.0623976	0.00885149	0.00338761	
220	( 782 )	8	218	221	222	8
0	5	1
1	5	1
2	5	1
3	5	1
5	5	1
7	5	0
6	7	0
0	13	1
0.125271	0.246584	0.187843	0.0856851	0.103563	0.0614226	0.0307751	0.089516	0.0614226	0.00651258	0.00140467	
221	( 121 )	9	220	-1	-1	9
0	5	1
1	5	1
2	5	1
3	5	1
5	5	1
7	5	0
6	7	0
0	13	1
4	6	0
0.0745291	0.131859	0.254709	0.107289	0.107289	0.320229	0.000819001	0.000819001	0.000819001	0.000819001	0.000819001	
222	( 661 )	9	220	-1	-1	9
0	5	1
1	5	1
2	5	1
3	5	1
5	5	1
7	5	0
6	7	0
0	13	1
4	6	1
0.134572	0.267482	0.175351	0.0817097	0.102855	0.0137441	0.0363993	0.105875	0.0726476	0.00770276	0.00166138	
223	( 3111 )	7	217	224	227	7
0	5	1
1	5	1
2	5	1
3	5	1
5	5	1
7	5	0
6	7	1
0.0488738	0.206324	0.160053	0.019633	0.22239	0.0103146	0.0157771	0.00356672	0.310433	0.000353459	0.00228142	
224	( 1188 )	8	223	225	226	8
0	5	1
1	5	1
2	5	1
3	5	1
5	5	1
7	5	0
6	7	1
0	14	0
0.0471785	0.411319	0.115297	0.0278362	0.162392	0.0118577	0.0143806	0.00260701	0.205281	8.40972e-05	0.00176604	
225	( 101 )	9	224	-1	-1	9
0	5	1
1	5	1
2	5	1
3	5	1
5	5	1
7	5	0
6	7	1
0	14	0
4	4	0
0.0205681	0.696376	0.0401567	0.079334	0.0401567	0.118511	0.000979432	0.000979432	0.000979432	0.000979432	0.000979432	
226	( 1087 )	9	224	-1	-1	9
0	5	1
1	5	1
2	5	1
3	5	1
5	5	1
7	5	0
6	7	1
0	14	0
4	4	1
0.0497197	0.384248	0.122323	0.0230677	0.173789	0.00192997	0.0157155	0.002849	0.224336	9.19033e-05	0.00192997	
227	( 1923 )	8	223	228	229	8
0	5	1
1	5	1
2	5	1
3	5	1
5	5	1
7	5	0
6	7	1
0	14	1
0.0499454	0.0795697	0.187672	0.0146042	0.259394	0.009407	0.0166831	0.00420976	0.375292	0.000571696	0.00265059	
228	( 346 )	9	227	-1	-1	9
0	5	1
1	5	1
2	5	1
3	5	1
5	5	1
7	5	0
6	7	1
0	14	1
1	12	0
0.0319793	0.129934	0.570729	0.00605013	0.124172	0.00605013	0.00605013	0.000288101	0.11841	0.00316912	0.00316912	
229	( 1577 )	9	227	230	231	9
0	5	1
1	5	1
2	5	1
3	5	1
5	5	1
7	5	0
6	7	1
0	14	1
1	12	1
0.0539256	0.0685001	0.103352	0.0165389	0.289018	0.0102021	0.0190736	0.00513275	0.431595	6.33673e-05	0.00259806	
230	( 552 )	10	229	-1	-1	10
0	5	1
1	5	1
2	5	1
3	5	1
5	5	1
7	5	0
6	7	1
0	14	1
1	12	1
4	18	0
0.101428	0.139396	0.0923884	0.0309167	0.246068	0.0291087	0.0218767	0.00379678	0.334659	0.000180799	0.000180799	
231	( 1025 )	10	229	-1	-1	10
0	5	1
1	5	1
2	5	1
3	5	1
5	5	1
7	5	0
6	7	1
0	14	1
1	12	1
4	18	1
0.0283598	0.0303089	0.109249	0.00886853	0.311958	9.74564e-05	0.0176396	0.00594484	0.483481	9.74564e-05	0.00399571	
232	( 13111 )	6	216	233	242	6
0	5	1
1	5	1
2	5	1
3	5	1
5	5	1
7	5	1
0.18274	0.355252	0.151089	0.0771882	0.0975511	0.0238787	0.0330306	0.0151844	0.0251752	0.0251752	0.0137354	
233	( 4819 )	7	232	234	235	7
0	5	1
1	5	1
2	5	1
3	5	1
5	5	1
7	5	1
0	12	0
0.141304	0.565777	0.0910977	0.042551	0.0589407	0.0145433	0.0209747	0.0132985	0.0186926	0.0174478	0.0153731	
234	( 491 )	8	233	-1	-1	8
0	5	1
1	5	1
2	5	1
3	5	1
5	5	1
7	5	1
0	12	0
9	2	0
0.103841	0.43101	0.156675	0.0428775	0.0591343	0.0266206	0.00426743	0.0225564	0.00223532	0.0245885	0.126194	
235	( 4328 )	8	233	236	237	8
0	5	1
1	5	1
2	5	1
3	5	1
5	5	1
7	5	1
0	12	0
9	2	1
0.14555	0.580975	0.0836433	0.0425262	0.0589268	0.0131898	0.0228916	0.0122658	0.0205816	0.0166547	0.00279504	
236	( 353 )	9	235	-1	-1	9
0	5	1
1	5	1
2	5	1
3	5	1
5	5	1
7	5	1
0	12	0
9	2	1
8	3	0
0.0652358	0.53403	0.0765321	0.0454674	0.0398193	0.0172268	0.0511155	0.0115787	0.00593053	0.152782	0.000282406	
237	( 3975 )	9	235	238	239	9
0	5	1
1	5	1
2	5	1
3	5	1
5	5	1
7	5	1
0	12	0
9	2	1
8	3	1
0.152687	0.58502	0.0842786	0.0422776	0.0606373	0.0128518	0.0203969	0.0123488	0.0219059	0.0045522	0.00304318	
238	( 214 )	10	237	-1	-1	10
0	5	1
1	5	1
2	5	1
3	5	1
5	5	1
7	5	1
0	12	0
9	2	1
8	3	1
6	3	0
0.0609019	0.669921	0.0237099	0.0144119	0.0283589	0.0237099	0.0237099	0.153882	0.0004649	0.0004649	0.0004649	
239	( 3761 )	10	237	240	241	10
0	5	1
1	5	1
2	5	1
3	5	1
5	5	1
7	5	1
0	12	0
9	2	1
8	3	1
6	3	1
0.157917	0.580022	0.0877435	0.0438851	0.0624917	0.0122538	0.0202281	0.00427952	0.023152	0.00481114	0.00321629	
240	( 2844 )	11	239	-1	-1	11
0	5	1
1	5	1
2	5	1
3	5	1
5	5	1
7	5	1
0	12	0
9	2	1
8	3	1
6	3	1
4	18	0
0.166989	0.532178	0.0966926	0.0506485	0.0696285	0.0144459	0.0235844	0.00565885	0.0302626	0.00636182	0.00354996	
241	( 917 )	11	239	-1	-1	11
0	5	1
1	5	1
2	5	1
3	5	1
5	5	1
7	5	1
0	12	0
9	2	1
8	3	1
6	3	1
4	18	1
0.129724	0.727699	0.0600152	0.0229822	0.0404095	0.00555495	0.00991177	0.000108921	0.00119813	0.000108921	0.00228733	
242	( 8292 )	7	232	243	248	7
0	5	1
1	5	1
2	5	1
3	5	1
5	5	1
7	5	1
0	12	1
0.20681	0.232856	0.18595	0.0973219	0.119991	0.0293135	0.0400453	0.0162907	0.0289518	0.0296753	0.0127938	
243	( 1174 )	8	242	244	245	8
0	5	1
1	5	1
2	5	1
3	5	1
5	5	1
7	5	1
0	12	1
8	5	0
0.100502	0.206876	0.143903	0.147307	0.0919922	0.0477406	0.0579525	0.0162539	0.0196579	0.16773	8.50991e-05	
244	( 405 )	9	243	-1	-1	9
0	5	1
1	5	1
2	5	1
3	5	1
5	5	1
7	5	1
0	12	1
8	5	0
4	12	0
0.101207	0.300665	0.18493	0.123369	0.101207	0.125831	0.0199458	0.010096	0.00517114	0.0273332	0.000246245	
245	( 769 )	9	243	246	247	9
0	5	1
1	5	1
2	5	1
3	5	1
5	5	1
7	5	1
0	12	1
8	5	0
4	12	1
0.100117	0.157252	0.122192	0.159849	0.0871315	0.00662252	0.0780418	0.0196078	0.027399	0.241657	0.000129853	
246	( 362 )	10	245	-1	-1	10
0	5	1
1	5	1
2	5	1
3	5	1
5	5	1
7	5	1
0	12	1
8	5	0
4	12	1
9	9	0
0.113192	0.209584	0.173781	0.0828973	0.154503	0.00578353	0.0470945	0.0223079	0.0581107	0.13247	0.000275406	
247	( 407 )	10	245	-1	-1	10
0	5	1
1	5	1
2	5	1
3	5	1
5	5	1
7	5	1
0	12	1
8	5	0
4	12	1
9	9	1
0.0884587	0.110512	0.0762068	0.22813	0.0271992	0.00759618	0.105611	0.0173977	0.000245038	0.338397	0.000245038	
248	( 7118 )	8	242	249	250	8
0	5	1
1	5	1
2	5	1
3	5	1
5	5	1
7	5	1
0	12	1
8	5	1
0.22434	0.237123	0.192876	0.0890702	0.124608	0.0262814	0.0370974	0.0163082	0.0304954	0.00689694	0.0149036	
249	( 399 )	9	248	-1	-1	9
0	5	1
1	5	1
2	5	1
3	5	1
5	5	1
7	5	1
0	12	1
8	5	1
4	5	0
0.0802299	0.342664	0.182704	0.0877281	0.0602349	0.237691	0.000249938	0.000249938	0.000249938	0.00524869	0.00274931	
250	( 6719 )	9	248	251	252	9
0	5	1
1	5	1
2	5	1
3	5	1
5	5	1
7	5	1
0	12	1
8	5	1
4	5	1
0.232898	0.230815	0.193464	0.0891505	0.128436	0.0137052	0.0393	0.0172765	0.0323061	0.00700882	0.0156396	
251	( 735 )	10	250	-1	-1	10
0	5	1
1	5	1
2	5	1
3	5	1
5	5	1
7	5	1
0	12	1
8	5	1
4	5	1
9	5	0
0.0952316	0.20663	0.27048	0.100666	0.0993072	0.0150795	0.0395327	0.0205135	0.013721	0.016438	0.122402	
252	( 5984 )	10	250	253	254	10
0	5	1
1	5	1
2	5	1
3	5	1
5	5	1
7	5	1
0	12	1
8	5	1
4	5	1
9	5	1
0.249804	0.233764	0.183974	0.0877345	0.132011	0.0135503	0.0392809	0.0168919	0.0346026	0.00586456	0.00252293	
253	( 206 )	11	252	-1	-1	11
0	5	1
1	5	1
2	5	1
3	5	1
5	5	1
7	5	1
0	12	1
8	5	1
4	5	1
9	5	1
6	5	0
0.121197	0.261226	0.116369	0.130855	0.0246258	0.0391115	0.0197972	0.280541	0.00531144	0.000482859	0.000482859	
254	( 5778 )	11	252	255	260	11
0	5	1
1	5	1
2	5	1
3	5	1
5	5	1
7	5	1
0	12	1
8	5	1
4	5	1
9	5	1
6	5	1
0.254382	0.232753	0.186379	0.0861899	0.135852	0.012649	0.0399889	0.00745791	0.035663	0.00607361	0.00261286	
255	( 1353 )	12	254	256	257	12
0	5	1
1	5	1
2	5	1
3	5	1
5	5	1
7	5	1
0	12	1
8	5	1
4	5	1
9	5	1
6	5	1
3	13	0
0.166236	0.219408	0.288088	0.0369987	0.212023	0.00967432	0.0333063	0.00524334	0.0251828	0.00155085	0.00228934	
256	( 565 )	13	255	-1	-1	13
0	5	1
1	5	1
2	5	1
3	5	1
5	5	1
7	5	1
0	12	1
8	5	1
4	5	1
9	5	1
6	5	1
3	13	0
2	15	0
0.219219	0.309309	0.196255	0.0673026	0.0832008	0.0231408	0.0620032	0.00724254	0.0249073	0.00370959	0.00370959	
257	( 788 )	13	255	258	259	13
0	5	1
1	5	1
2	5	1
3	5	1
5	5	1
7	5	1
0	12	1
8	5	1
4	5	1
9	5	1
6	5	1
3	13	0
2	15	1
0.128121	0.154733	0.353694	0.0153339	0.304271	0.000126727	0.0127994	0.00392853	0.0254721	0.000126727	0.00139399	
258	( 354 )	14	257	-1	-1	14
0	5	1
1	5	1
2	5	1
3	5	1
5	5	1
7	5	1
0	12	1
8	5	1
4	5	1
9	5	1
6	5	1
3	13	0
2	15	1
1	16	0
0.118558	0.197409	0.493101	0.0171783	0.11011	0.000281611	0.0228105	0.00872994	0.0284427	0.000281611	0.00309772	
259	( 434 )	14	257	-1	-1	14
0	5	1
1	5	1
2	5	1
3	5	1
5	5	1
7	5	1
0	12	1
8	5	1
4	5	1
9	5	1
6	5	1
3	13	0
2	15	1
1	16	1
0.135831	0.119743	0.239255	0.0140198	0.462193	0.000229832	0.00482648	0.000229832	0.0232131	0.000229832	0.000229832	
260	( 4425 )	12	254	261	262	12
0	5	1
1	5	1
2	5	1
3	5	1
5	5	1
7	5	1
0	12	1
8	5	1
4	5	1
9	5	1
6	5	1
3	13	1
0.281309	0.2368	0.155238	0.10124	0.112537	0.0135785	0.042046	0.00815616	0.038883	0.00747837	0.00273378	
261	( 786 )	13	260	-1	-1	13
0	5	1
1	5	1
2	5	1
3	5	1
5	5	1
7	5	1
0	12	1
8	5	1
4	5	1
9	5	1
6	5	1
3	13	1
5	13	0
0.147503	0.214839	0.181807	0.180536	0.115741	0.0255368	0.117012	0.00393851	0.0102909	0.00266802	0.000127049	
262	( 3639 )	13	260	-1	-1	13
0	5	1
1	5	1
2	5	1
3	5	1
5	5	1
7	5	1
0	12	1
8	5	1
4	5	1
9	5	1
6	5	1
3	13	1
5	13	1
0.310184	0.241504	0.149474	0.0840911	0.111838	0.0110162	0.0258509	0.00909316	0.0450812	0.00854372	0.00332408	
